0.0 -0.5 0.5 3.001 5.9
0.2002002002002002 -0.150058604541 3.11358195585 3.93604181834 3.31800917211
0.4004004004004004 0.746614694324 5.72226697411 4.32606889348 0.686559474429
0.6006006006006006 2.05795795248 7.11522777744 4.28213905661 -0.924399796335
0.8008008008008008 3.47602130974 6.71079809349 4.02570172957 -1.50092890535
1.001001001001001 4.58971289962 4.00233749806 3.72403139926 -1.42482733703
1.2012012012012012 4.94122996985 -0.677677584369 3.48366235762 -0.931556222743
1.4014014014014013 4.33781448373 -5.0825904236 3.3526918338 -0.413513663391
1.6016016016016017 3.05636335827 -7.32534204344 3.29308018529 -0.259173709451
1.8018018018018018 1.53771788759 -7.58614514764 3.21391199329 -0.633782146417
2.002002002002002 0.10235453145 -6.57662988632 2.99032885254 -1.7388882092
2.2022022022022023 -1.03374290244 -4.65062267581 2.46449654613 -3.61564137163
2.4024024024024024 -1.73443017065 -2.35845789675 1.52859484201 -5.69202352408
2.6026026026026026 -2.00853626298 -0.502910030088 0.227379649811 -7.16423695803
2.8028028028028027 -1.9897764804 0.56023712422 -1.28260132602 -7.79211560662
3.003003003003003 -1.83242241274 0.8926789382 -2.84766500345 -7.73572146677
3.2032032032032034 -1.68730730875 0.391191374753 -4.3297734443 -6.91432227781
3.4034034034034035 -1.75158199838 -1.22239100073 -5.54203899422 -5.00338031718
3.6036036036036037 -2.22753119362 -3.55173730969 -6.27541920778 -2.26658719628
3.803803803803804 -3.12397544791 -5.14248288425 -6.47060707129 0.17445755197
4.004004004004004 -4.14442590094 -4.64213335963 -6.27514667451 1.61042988046
4.2042042042042045 -4.82326457801 -1.80433218768 -5.87859295572 2.25833601466
4.404404404404405 -4.78935317166 2.15959252913 -5.39463243189 2.54633520652
4.604604604604605 -4.02041125529 5.24136182693 -4.86131621943 2.79724320348
4.804804804804805 -2.81744583035 6.47639937015 -4.26176893596 3.23703284887
5.005005005005005 -1.52344804418 6.27690383422 -3.54463173135 3.98000797138
5.205205205205205 -0.349967596578 5.38194237792 -2.65021036756 4.98558353519
5.405405405405405 0.620440621076 4.31340411841 -1.54498434949 6.04059149262
5.605605605605605 1.38443176731 3.34743963882 -0.245927738564 6.88480302556
5.8058058058058055 1.97286075372 2.55907453352 1.18751372183 7.37125610433
6.006006006006006 2.41886354142 1.91897362825 2.67984057441 7.47253610366
6.206206206206206 2.75184846595 1.44333818453 4.15192612805 7.15615245535
6.406406406406407 3.01736815269 1.27740208993 5.50833669502 6.28593883539
6.606606606606607 3.29426539085 1.56236024565 6.62061029475 4.70274455405
6.806806806806807 3.65955729215 2.07623761636 7.3499292337 2.5154065961
7.007007007007007 4.09337495488 2.11016416735 7.62077728265 0.222423537293
7.207207207207207 4.43017839393 1.06214975898 7.46533973463 -1.69121588219
7.407407407407407 4.45862128817 -0.859889172688 6.97643765946 -3.12143728989
7.607607607607608 4.08648381454 -2.77976273418 6.23805163089 -4.21316475466
7.807807807807808 3.39582373976 -3.97202088073 5.30209886947 -5.11237234548
8.008008008008009 2.55130296312 -4.35124864367 4.20016622968 -5.8723869792
8.208208208208209 1.68550784518 -4.25165828907 2.96151791725 -6.47115743371
8.408408408408409 0.856589941098 -4.0317016237 1.62265735763 -6.86778850058
8.608608608608609 0.0649121906761 -3.9013652613 0.226639826465 -7.04046131852
8.80880880880881 -0.716235775627 -3.92825834315 -1.18110135351 -6.98472430968
9.00900900900901 -1.5159993801 -4.07177544324 -2.55475307874 -6.69999088909
9.20920920920921 -2.3441923877 -4.17467891703 -3.84886365641 -6.19238468907
9.40940940940941 -3.16557181496 -3.94608748756 -5.02078126546 -5.48404223537
9.60960960960961 -3.87964229755 -3.05823272103 -6.0328279527 -4.59653953015
9.80980980980981 -4.3405610563 -1.4489979712 -6.84777559658 -3.50438492784
10.01001001001001 -4.44344035398 0.39264173088 -7.41552691103 -2.10429517241
10.21021021021021 -4.22232809738 1.66551664685 -7.66112151213 -0.272067997537
10.41041041041041 -3.84276908484 1.97580417317 -7.49808466527 1.94217066414
10.61061061061061 -3.47183314334 1.68763822783 -6.88342955016 4.15261008551
10.81081081081081 -3.16264967516 1.45060339765 -5.8690267606 5.87114264935
11.01101101101101 -2.86605534501 1.57336302965 -4.57885370212 6.90792068308
11.21121121121121 -2.51340861717 1.98336453784 -3.14141645171 7.37094157105
11.411411411411411 -2.06255275656 2.53825282973 -1.65567510457 7.40841966437
11.611611611611611 -1.48974150602 3.20624492767 -0.199457800251 7.07892420175
11.811811811811811 -0.768014497907 4.03342709508 1.15509786823 6.39796765007
12.012012012012011 0.135553398948 5.00872567145 2.34433608056 5.45274513363
12.212212212212211 1.23504600088 5.93916573762 3.3345978075 4.45183081887
12.412412412412412 2.48170123883 6.38207630376 4.13879810312 3.62504755919
12.612612612612613 3.71150509396 5.64183931813 4.80488380999 3.07437769598
12.812812812812814 4.61974057844 3.12762082553 5.38425746074 2.73658335892
13.013013013013014 4.875005259 -0.661425944568 5.90234874897 2.42142376292
13.213213213213214 4.39270276127 -3.89734610532 6.33588696283 1.83393047609
13.413413413413414 3.45881383189 -5.0245294678 6.59142449002 0.568104733445
13.613613613613614 2.53335238057 -3.91064322839 6.49536830644 -1.68630978511
13.813813813813814 1.96754845735 -1.69768192847 5.88064618772 -4.44416950405
14.014014014014014 1.82123611667 0.0686617291643 4.75968585453 -6.57655477171
14.214214214214214 1.91979923287 0.739916603122 3.32257605001 -7.61138487867
14.414414414414415 2.05890396513 0.528241281105 1.76648177483 -7.82375446708
14.614614614614615 2.08564383878 -0.378456170429 0.232316081672 -7.38770560439
14.814814814814815 1.85770818893 -2.02002712607 -1.1391228068 -6.17367441934
15.015015015015015 1.2405017255 -4.18502500517 -2.19220256571 -4.27363196618
15.215215215215215 0.193297393195 -6.18599193133 -2.84897882593 -2.35364730641
15.415415415415415 -1.18389457297 -7.41386123147 -3.17909391527 -1.07651075844
15.615615615615615 -2.70096502153 -7.51475540454 -3.32998431092 -0.538888952212
15.815815815815816 -4.0748760192 -5.84451554035 -3.43132006382 -0.551820050556
16.016016016016017 -4.8853987314 -1.91498385907 -3.57755765149 -0.956784855364
16.216216216216218 -4.77802496254 2.91676060952 -3.81977303998 -1.43675692652
16.416416416416418 -3.82577776143 6.20218622905 -4.12970557243 -1.58005606713
16.616616616616618 -2.45664060725 7.1033546401 -4.41333525367 -1.12971335872
16.816816816816818 -1.11246155489 6.03775278518 -4.51721050045 0.288313940509
17.017017017017018 -0.134062689651 3.57563499784 -4.22134621611 2.80842915744
17.217217217217218 0.302130066449 0.864151786244 -3.3799161362 5.50927607368
17.41741741741742 0.278953031621 -0.889767399817 -2.08349208926 7.23648566524
17.61761761761762 0.0210527821317 -1.53274188524 -0.556648590629 7.86637105585
17.81781781781782 -0.283093366163 -1.38213157119 1.01615883526 7.7266344326
18.01801801801802 -0.473205625792 -0.334935429204 2.47952288369 6.71329855849
18.21821821821822 -0.336921710402 1.88071712626 3.62424716533 4.53601664699
18.41841841841842 0.320269178108 4.66922059792 4.25304859625 1.75207888275
18.61861861861862 1.47976335046 6.69315410055 4.37218176243 -0.372840615737
18.81881881881882 2.89285522876 7.11868889417 4.18213892926 -1.35478763641
19.01901901901902 4.18997312369 5.44195638247 3.88292874189 -1.53170119756
19.21921921921922 4.91122304646 1.42854836379 3.60311983077 -1.19486389072
19.41941941941942 4.7031415813 -3.41981851018 3.41972607952 -0.639324301936
19.61961961961962 3.65490128489 -6.65872551429 3.33128018977 -0.310002160184
19.81981981981982 2.18956879987 -7.65839994819 3.26448679512 -0.4454126092
20.02002002002002 0.689299386664 -7.12986929739 3.11095767535 -1.21323941933
20.22022022022022 -0.596147167504 -5.56157961377 2.72400457421 -2.78358298249
20.42042042042042 -1.4929938077 -3.3441930592 1.96080224749 -4.8648884341
20.62062062062062 -1.94283855131 -1.23533375135 0.796669591633 -6.65055302285
20.82082082082082 -2.03640815329 0.165762049858 -0.64585105401 -7.61811952863
21.02102102102102 -1.92719396747 0.807912528116 -2.20372958774 -7.83655953634
21.22122122122122 -1.76156987439 0.707499065201 -3.73959191251 -7.37933074824
21.42142142142142 -1.71162048044 -0.401986288313 -5.0941858643 -5.96297348959
21.62162162162162 -1.99387094602 -2.53653770176 -6.05342658411 -3.48158798093
21.82182182182182 -2.72595398776 -4.63093911915 -6.47225901642 -0.771367654451
22.02202202202202 -3.73835900815 -5.1128931502 -6.42002467613 1.11479073596
22.22222222222222 -4.61056894696 -3.20383072038 -6.09028012581 2.05328651346
22.42242242242242 -4.89746708499 0.506831059205 -5.63305510439 2.46036996813
22.62262262262262 -4.41294113186 4.14953196583 -5.11573065221 2.70580758001
22.822822822822822 -3.34957471389 6.15216709548 -4.54244817862 3.05565866692
23.023023023023022 -2.06462630111 6.455708622 -3.8741507506 3.67239068374
23.223223223223222 -0.829892592722 5.77612384467 -3.05190731126 4.58408305419
23.423423423423422 0.225247322325 4.74454978965 -2.02863916403 5.64196691926
23.623623623623622 1.07167044877 3.7330481195 -0.800597252202 6.58642005348
23.823823823823822 1.73149689216 2.88888794299 0.587293241676 7.21743131042
24.024024024024023 2.2391362279 2.20533765138 2.06396879308 7.47118700031
24.224224224224223 2.6234042644 1.6592848661 3.55285938218 7.33386167368
24.424424424424423 2.91826782618 1.33832185228 4.96867163226 6.71651923422
24.624624624624623 3.1861579696 1.41427677284 6.19837062096 5.44685105204
24.824824824824823 3.51069618474 1.86278035712 7.10230472662 3.48377081609
25.025025025025027 3.92287556963 2.16438279269 7.56954985167 1.17367656946
25.225225225225227 4.31730423939 1.58815061448 7.58638218607 -0.936172830959
25.425425425425427 4.48694159587 -0.0323699185639 7.22725128912 -2.57111893132
25.625625625625627 4.27840174251 -2.03444740025 6.58426117269 -3.79849900268
25.825825825825827 3.70609507894 -3.55171671072 5.72268545734 -4.77793951193
26.026026026026027 2.91332448715 -4.23476826003 4.68142723227 -5.60052311472
26.226226226226228 2.05260815548 -4.29147402779 3.49039978857 -6.26940846933
26.426426426426428 1.21141264689 -4.09803406183 2.18394661759 -6.7470668975
26.626626626626628 0.409900043194 -3.92703133538 0.803609640418 -7.00467393913
26.826826826826828 -0.370786436942 -3.89936415762 -0.605478816602 -7.03396729329
27.027027027027028 -1.16147695037 -4.01916591537 -1.99749855467 -6.83410447448
27.227227227227228 -1.9832266851 -4.18167664895 -3.32672373341 -6.40803308159
27.42742742742743 -2.82288716466 -4.14595864288 -4.54934785032 -5.77379759453
27.62762762762763 -3.60670200283 -3.56526971683 -5.62670293484 -4.96110112683
27.82782782782783 -4.19766318817 -2.21123253243 -6.52417902887 -3.97194455487
28.02802802802803 -4.45590629075 -0.335666746169 -7.20062847677 -2.73369514803
28.22822822822823 -4.34860771102 1.2948269112 -7.59282517245 -1.10875518859
28.42842842842843 -4.00058404943 2.0077160279 -7.61379618636 0.96618321226
28.62862862862863 -3.60348473443 1.8623027931 -7.19120826118 3.25093666687
28.82882882882883 -3.26889133612 1.50104077903 -6.33250773713 5.23654880273
29.02902902902903 -2.98119421597 1.44051942734 -5.13919545459 6.56669892118
29.22922922922923 -2.66750778949 1.74168853249 -3.74667220365 7.25022182835
29.42942942942943 -2.27012398559 2.25136935742 -2.26831545254 7.44949044417
29.62962962962963 -1.75839431847 2.88031579712 -0.789354477875 7.2640608012
29.82982982982983 -1.10730947745 3.65238225997 0.615804404144 6.71368200752
30.03003003003003 -0.284274395627 4.5949597512 1.87719164694 5.84408834936
30.23023023023023 0.737053221504 5.59788263157 2.94539681549 4.82218981774
30.43043043043043 1.93936215645 6.32557824565 3.81447789061 3.89444963207
30.63063063063063 3.21183747272 6.17721594851 4.52270809688 3.22977194228
30.83083083083083 4.30442005233 4.42499210243 5.12553607165 2.82801567979
31.03103103103103 4.86681139354 0.981836863334 5.66326995192 2.54586792101
31.23123123123123 4.67602790287 -2.7621694906 6.13623613059 2.13065691714
31.43143143143143 3.8715710765 -4.89457299745 6.48385683683 1.22354359785
31.63163163163163 2.87788322161 -4.65288717568 6.56443649813 -0.593866271852
31.83183183183183 2.12536873514 -2.69525461489 6.18651218783 -3.26294881429
32.032032032032035 1.80926267648 -0.563443859096 5.26766504375 -5.79147690469
32.232232232232235 1.83207295825 0.59885618368 3.93881696831 -7.29306494135
32.432432432432435 1.98026803469 0.739387195264 2.41320770616 -7.8167069003
32.632632632632635 2.07943374739 0.13754262954 0.853278533507 -7.66161995197
32.832832832832835 1.9871409066 -1.18754016526 -0.606991416159 -6.7910180941
33.033033033033036 1.55630582943 -3.20568612322 -1.810758612 -5.11665355338
33.233233233233236 0.691731583487 -5.39235302544 -2.63067401055 -3.08230581061
33.433433433433436 -0.563760387159 -7.01075370378 -3.07450938955 -1.47228468832
33.633633633633636 -2.04990598694 -7.64617313109 -3.27307043256 -0.63633671862
33.833833833833836 -3.52979210794 -6.83226519471 -3.37183059281 -0.439262479271
34.034034034034036 -4.6371521869 -3.83316915373 -3.48002992858 -0.707815326539
34.234234234234236 -4.94111430368 0.929153459093 -3.67247114088 -1.22341084516
34.434434434434436 -4.3060881328 5.10996327349 -3.95752982028 -1.5611916373
34.63463463463464 -3.05234638651 7.00905653359 -4.26479310566 -1.40895231063
34.83483483483484 -1.64512562034 6.73111141804 -4.47003967384 -0.474496446129
35.03503503503504 -0.468952146536 4.78721245716 -4.37678792043 1.59939451735
35.23523523523524 0.213839376338 2.00529546333 -3.77934022454 4.38818340836
35.43543543543544 0.370415959131 -0.26130228846 -2.65848465819 6.62707314253
35.63563563563564 0.189757650798 -1.35763141717 -1.20615868685 7.69854745244
35.83583583583584 -0.112732969478 -1.5394822349 0.365037925344 7.87704124368
36.03603603603604 -0.375604474126 -0.936380915887 1.89841206685 7.2949850286
36.23623623623624 -0.413810602723 0.760113617954 3.21318833712 5.63490339287
36.43643643643644 -0.00216479725287 3.44532122284 4.08453488112 2.97084926259
36.63663663663664 0.953859472468 5.95711425851 4.41061386271 0.418141651612
36.83683683683684 2.29253337949 7.14006557729 4.32704244617 -1.0550310618
37.03703703703704 3.68709978283 6.43300154887 4.05453976144 -1.53964930758
37.23723723723724 4.70845747552 3.3654285236 3.75098535003 -1.4097157758
37.43743743743744 4.91346958501 -1.43538358432 3.5155222446 -0.909022764664
37.63763763763764 4.18080931647 -5.56926006392 3.38404498285 -0.449227611489
37.83783783783784 2.83859258134 -7.4605558947 3.30921936725 -0.376755962325
38.03803803803804 1.31763533295 -7.49399515095 3.19711353244 -0.849721617083
38.23823823823824 -0.0838446992233 -6.33963241814 2.91871153259 -2.0690269126
38.43843843843844 -1.16376918163 -4.34424259715 2.31976810017 -3.99600536229
38.63863863863864 -1.80661585175 -2.1075102024 1.31410011248 -5.98775234827
38.83883883883884 -2.04296181252 -0.378901782484 -0.031353972236 -7.31017284131
39.03903903903904 -2.01058253553 0.578905955736 -1.55795310174 -7.81996449532
39.23923923923924 -1.85800615661 0.824568235935 -3.11910724589 -7.66697232894
39.43943943943944 -1.73783824881 0.202628593258 -4.57486386008 -6.71102926369
39.63963963963964 -1.85299020164 -1.53040554934 -5.73084562472 -4.65244346108
39.83983983983984 -2.39033996434 -3.81737183786 -6.38859119881 -1.89196321634
40.04004004004004 -3.31576966212 -5.13409162337 -6.51951425965 0.428857825477
40.24024024024024 -4.2964850912 -4.25127568665 -6.28617764045 1.74434131294
40.44044044044044 -4.86590488045 -1.14317714999 -5.86917897496 2.339491187
40.64064064064064 -4.6996567739 2.75914636768 -5.36950093194 2.63005165828
40.84084084084084 -3.84067182963 5.52263739195 -4.81575377775 2.92268577304
41.04104104104104 -2.61326832697 6.45942608595 -4.18507532993 3.42402095244
41.24124124124124 -1.3408101336 6.10214109741 -3.42464568547 4.22134716147
41.44144144144144 -0.207783380672 5.16877590484 -2.47980281208 5.23823540953
41.64164164164164 0.722750091161 4.13703401729 -1.3278943191 6.24534719417
41.84184184184184 1.45799815715 3.23809757928 0.00404215310258 7.00574499181
42.04204204204204 2.03094397639 2.51109534413 1.4529655437 7.40643725368
42.24224224224224 2.47215462025 1.91724251623 2.94447086246 7.4296223414
42.44244244244244 2.80904887905 1.48481895422 4.39971913952 7.02806793285
42.64264264264264 3.08745482216 1.36325749562 5.72037906946 6.054596543
42.84284284284284 3.38339157319 1.65440782056 6.77630261173 4.37749502849
43.04304304304304 3.75927952234 2.06901796899 7.43628919158 2.16246784813
43.24324324324324 4.17277035644 1.90625412931 7.64030629293 -0.0838725226941
43.44344344344344 4.45053234028 0.695778792323 7.43001213396 -1.93565306661
43.64364364364364 4.40276886961 -1.22288348188 6.89608486301 -3.33228442312
43.84384384384384 3.97197356746 -2.98684081368 6.11663582983 -4.41482746314
44.04404404404404 3.25847424556 -4.0003117428 5.14090010855 -5.30654577151
44.24424424424424 2.4202063626 -4.27615353987 4.00213892815 -6.04258958265
44.44444444444444 1.57248969266 -4.15780297002 2.7335401938 -6.59727898214
44.64464464464464 0.759738118351 -3.96935545137 1.37493568382 -6.93774455155
44.84484484484484 -0.024362658017 -3.88938574073 -0.0291184162774 -7.05057170913
45.04504504504504 -0.808371085289 -3.96794660935 -1.43282572511 -6.93426058262
45.24524524524524 -1.6202661672 -4.14920758497 -2.79036479757 -6.59004442228
45.44544544544544 -2.46465372382 -4.24933644976 -4.05707899318 -6.03077681995
45.645645645645644 -3.29471926327 -3.9437475356 -5.19283820899 -5.2877700763
45.845845845845844 -3.99380336501 -2.9014096791 -6.16370083715 -4.38373758387
46.046046046046044 -4.40659213869 -1.13494173484 -6.93498916139 -3.2802007945
46.246246246246244 -4.43997458543 0.745357666177 -7.45559963883 -1.85355735628
46.446446446446444 -4.1579857631 1.89970330343 -7.64633201134 0.0278260837481
46.646646646646644 -3.74948065359 2.03326376115 -7.41861903747 2.28209483579
46.846846846846844 -3.37976512574 1.63502346342 -6.73672354602 4.47192663377
47.047047047047045 -3.08400924794 1.38119856017 -5.6659353468 6.10843431147
47.247247247247245 -2.7989809685 1.52992854442 -4.33802962736 7.04884137357
47.447447447447445 -2.45188522021 1.97148011054 -2.8808606806 7.42972254315
47.647647647647645 -1.99984397749 2.56415950697 -1.39078210048 7.39277959236
47.847847847847845 -1.41662342535 3.28764133441 0.0543180859039 6.98179243055
48.048048048048045 -0.671835974349 4.18250273665 1.38082701381 6.21626608328
48.248248248248245 0.267071165518 5.20567016406 2.52710092753 5.21259412245
48.448448448448445 1.40568074487 6.11807526711 3.46785023449 4.20701193598
48.648648648648646 2.67731132825 6.43009458453 4.22674669781 3.42269060751
48.848848848848846 3.89169135116 5.41786518029 4.85807614167 2.92922539303
49.049049049049046 4.72193785453 2.58362748422 5.41313316523 2.63460391411
49.249249249249246 4.8519700927 -1.31219297281 5.91238978388 2.32806735518
49.449449449449446 4.25729413741 -4.32391591123 6.32398100584 1.697975157
49.649649649649646 3.27445752937 -5.0842885592 6.54256244271 0.324811052448
49.849849849849846 2.36825397035 -3.68737549284 6.38512095364 -2.04628028751
50.050050050050054 1.85758451878 -1.40914108612 5.69658567627 -4.79311013002
50.250250250250254 1.760193954 0.255011908307 4.51849478065 -6.78854429273
50.450450450450454 1.88404585864 0.812743031697 3.05304111302 -7.69051751039
50.650650650650654 2.02952056867 0.52161622507 1.49080643025 -7.80872277645
50.850850850850854 2.0462435988 -0.478067273016 -0.0300730564649 -7.26294916039
51.051051051051054 1.78637831763 -2.23950482686 -1.36222671004 -5.90423571665
51.251251251251254 1.11678773884 -4.47147534644 -2.34988108886 -3.90722228512
51.451451451451454 0.0153400268655 -6.42331814996 -2.93418280347 -2.01645613269
51.651651651651655 -1.3973938252 -7.5215911868 -3.20676805554 -0.842785739907
51.851851851851855 -2.91689874962 -7.41248827272 -3.32090872273 -0.401505173117
52.052052052052055 -4.23847059839 -5.40624870454 -3.40288071108 -0.4944080498
52.252252252252255 -4.9281464245 -1.18464709864 -3.54437018028 -0.960085345505
52.452452452452455 -4.67499228909 3.57239779302 -3.78847763458 -1.44118503015
52.652652652652655 -3.62445439357 6.51431031603 -4.09509882026 -1.53743566993
52.852852852852855 -2.225493762 7.10676079752 -4.36262684549 -1.00319955909
53.053053053053056 -0.903353217536 5.82835957621 -4.42860479792 0.544158421957
53.253253253253256 0.0205002631435 3.26532068584 -4.07140372641 3.14419327792
53.453453453453456 0.398385935664 0.61642158401 -3.16768139066 5.77191814437
53.653653653653656 0.339101193489 -1.00355094675 -1.83293144399 7.35811251701
53.853853853853856 0.0689136842178 -1.54954048458 -0.292698809668 7.88659138904
54.054054054054056 -0.230868444227 -1.31863847641 1.276040436 7.66256178305
54.254254254254256 -0.397019723148 -0.151459841243 2.71479243398 6.52339118313
54.454454454454456 -0.211239877137 2.17959485071 3.80784781549 4.22127285587
54.65465465465466 0.506681226416 4.94801721719 4.37152458334 1.44419856565
54.85485485485486 1.70734589371 6.8085372876 4.4406191767 -0.557224405079
55.05505505505506 3.11972335901 6.98013350429 4.22551140509 -1.42971275995
55.25525525525526 4.35518868626 4.95387489719 3.91816601825 -1.54356911087
55.45545545545546 4.94805141892 0.679713640967 3.63959302596 -1.17859588801
55.65565565565566 4.59560484053 -4.04476386061 3.45705757192 -0.658224265793
55.85585585585586 3.45748581695 -6.92572806488 3.35741520092 -0.405442467033
56.05605605605606 1.9689421112 -7.64672719018 3.26301169062 -0.628513916938
56.25625625625626 0.489035375707 -6.95055185177 3.06223097826 -1.50479045168
56.45645645645646 -0.749140445912 -5.28147692935 2.60725229426 -3.15919142331
56.65665665665666 -1.58842525126 -3.07096444069 1.76978044806 -5.20757889671
56.85685685685686 -1.99361570435 -1.07225129522 0.550013034101 -6.85503168818
57.05705705705706 -2.06675388668 0.212657874066 -0.919180152006 -7.6874118441
57.25725725725726 -1.95672223833 0.772260270298 -2.48094936357 -7.80949052871
57.45745745745746 -1.80706945311 0.576988177061 -4.0011072105 -7.24213858346
57.65765765765766 -1.79580057921 -0.657772897972 -5.31349864732 -5.67630208218
57.85785785785786 -2.13621150701 -2.83241687151 -6.2041189235 -3.10560677363
58.05805805805806 -2.91326188533 -4.74532098905 -6.55215957673 -0.463735879714
58.25825825825826 -3.91480482806 -4.87423761589 -6.45164701948 1.29242971367
58.45845845845846 -4.70296548316 -2.62500171552 -6.09516710154 2.15443009365
58.65865865865866 -4.85975440247 1.16775560829 -5.62006353318 2.54651681211
58.85885885885886 -4.26353473028 4.56435383495 -5.08314730631 2.82150001686
59.05905905905906 -3.15129056902 6.23494206903 -4.48133013673 3.22778143089
59.25925925925926 -1.87372245635 6.3242603778 -3.77239892866 3.90422427972
59.45945945945946 -0.675044854167 5.5668653874 -2.9000232556 4.84487169511
59.65965965965966 0.338646933831 4.55164514238 -1.82644039869 5.87366762188
59.85985985985986 1.15247369771 3.6043584833 -0.559206134915 6.74108137974
60.06006006006006 1.79363919767 2.82923835086 0.850632449456 7.28264487056
60.26026026026026 2.29486677545 2.19789467607 2.33212534334 7.45567439045
60.46046046046046 2.68174651871 1.69202144832 3.81011321906 7.23915678526
60.66066066066066 2.98708595987 1.40992815656 5.19787812932 6.52805348104
60.86086086086086 3.27199924962 1.50541491477 6.37966530518 5.15883974979
61.06106106106106 3.61074365573 1.89534015374 7.21904101689 3.13856718553
61.26126126126126 4.01425005325 2.03062746517 7.61791628788 0.847502404614
61.46146146146146 4.36229120434 1.26800307653 7.57515104396 -1.20444026209
61.66166166166166 4.45880983168 -0.412699384317 7.16698560735 -2.79782218017
61.86186186186186 4.18301313564 -2.30233614746 6.4803530387 -4.0111766441
62.06206206206206 3.57556545377 -3.63482610632 5.57670654003 -4.98493418076
62.26226226226226 2.7810755173 -4.18337732988 4.49552677693 -5.78898715401
62.46246246246246 1.93651017372 -4.195388092 3.27042599855 -6.41790913854
62.66266266266266 1.11333040971 -4.02158347874 1.93964833112 -6.83983456575
62.86286286286286 0.322541714983 -3.89885088224 0.546866512167 -7.03587035166
63.06306306306306 -0.458015788505 -3.92622877434 -0.862222439934 -7.00275338479
63.26326326326326 -1.25913075746 -4.09386721275 -2.24177511631 -6.74109481433
63.46346346346346 -2.09845886928 -4.27504735104 -3.54658772527 -6.25886338656
63.66366366366366 -2.95360473914 -4.19345133138 -4.73494244649 -5.58399950674
63.86386386386386 -3.73488909574 -3.47837469266 -5.77201793555 -4.7518130091
64.06406406406407 -4.29023827371 -1.94310082289 -6.62684969712 -3.75581602925
64.26426426426427 -4.48176934138 0.0389710226508 -7.25886110358 -2.50258874414
64.46446446446447 -4.30286818876 1.6065291293 -7.60113762553 -0.836388484205
64.66466466466467 -3.90985408182 2.13699674972 -7.56194964629 1.29333032811
64.86486486486487 -3.50426809284 1.83223918635 -7.07129576387 3.59216953396
65.06506506506507 -3.18296049792 1.41562551901 -6.14914337251 5.51819121632
65.26526526526527 -2.9112608797 1.37287122033 -4.90910400882 6.75011809326
65.46546546546547 -2.60757211266 1.70986679293 -3.48931472007 7.34207735023
65.66566566566567 -2.2128163219 2.25801322263 -2.00048886587 7.46332467959
65.86586586586587 -1.69488244301 2.93883925306 -0.526642650545 7.19749547067
66.06606606606607 -1.02535643883 3.77995569148 0.856332088376 6.55811306884
66.26626626626627 -0.169992691337 4.78615728187 2.07844545751 5.61257118371
66.46646646646647 0.892297267477 5.80378531372 3.09649599528 4.56272217667
66.66666666666667 2.12969737115 6.45042065871 3.91574444731 3.66406105553
66.86686686686687 3.40777803749 6.08338687864 4.58354588924 3.05811720265
67.06706706706707 4.44913754361 3.99946320479 5.15778809796 2.71128440579
67.26726726726727 4.89872345165 0.322279472155 5.67554221835 2.45684185588
67.46746746746747 4.57961162257 -3.32585306772 6.12985210077 2.02455977917
67.66766766766767 3.69457802037 -5.11572985078 6.44950301708 1.03860005117
67.86786786786787 2.69290893152 -4.52854984267 6.48036156591 -0.907349595812
68.06806806806807 1.98608843154 -2.40226876911 6.03129955193 -3.63573641653
68.26826826826827 1.72663878986 -0.317953045936 5.0452659944 -6.06853946248
68.46846846846847 1.78620303948 0.721474439459 3.67601539094 -7.42281970316
68.66866866866867 1.9492222739 0.771084925457 2.13582873124 -7.83949849801
68.86886886886887 2.04690564508 0.0874738306345 0.580627171077 -7.58771104401
69.06906906906907 1.93353454012 -1.35354941781 -0.851906438946 -6.58090302337
69.26926926926927 1.4577943666 -3.47778358539 -1.99915931204 -4.77172582255
69.46946946946947 0.536443837149 -5.66617670356 -2.74496616088 -2.71026003199
69.66966966966967 -0.764854825292 -7.18218217143 -3.12172590059 -1.18571227376
69.86986986986987 -2.26960874854 -7.64751112397 -3.27383414104 -0.456066070898
70.07007007007007 -3.72363827529 -6.54921635588 -3.34538023078 -0.345202368521
70.27027027027027 -4.73798445217 -3.1960614769 -3.44254615738 -0.688849899596
70.47047047047047 -4.89706473473 1.66980870196 -3.63550441948 -1.23625244043
70.67067067067067 -4.13677322236 5.57849741547 -3.92090600806 -1.5442861302
70.87087087087087 -2.82496656613 7.13256046478 -4.21894565748 -1.32791779249
71.07107107107107 -1.4194489885 6.60632685467 -4.39770277317 -0.282342298155
71.27127127127127 -0.285683699275 4.50636579728 -4.25317167576 1.91028710656
71.47147147147147 0.337075442253 1.71518395309 -3.59106188807 4.69545739677
71.67167167167167 0.446413238423 -0.432858765402 -2.42051178792 6.80658796109
71.87187187187187 0.243809703133 -1.41323899783 -0.94527286717 7.75632961966
72.07207207207207 -0.0617530578216 -1.51693000261 0.629006334573 7.85249503596
72.27227227227228 -0.311083451933 -0.815662734042 2.14798705197 7.16744545193
72.47247247247248 -0.31189719589 1.01239791587 3.42329735645 5.3681153409
72.67267267267268 0.158027248086 3.75007650448 4.23240824252 2.64054579666
72.87287287287288 1.16660555195 6.15349624841 4.4990244691 0.17382655893
73.07307307307308 2.52447378958 7.12134028757 4.37963560777 -1.17323569953
73.27327327327328 3.88577809558 6.10183320893 4.09224294462 -1.57805443171
73.47347347347348 4.80525089259 2.69601419639 3.78596415607 -1.40379193041
73.67367367367368 4.863753837 -2.15810884728 3.55223761507 -0.909038716109
73.87387387387388 4.01329777555 -5.98831394835 3.41494163293 -0.513436102674
74.07407407407408 2.62219645963 -7.54884679131 3.31925397238 -0.522284786333
74.27427427427428 1.10584851592 -7.3777380735 3.1685865295 -1.09340178895
74.47447447447448 -0.258648383057 -6.09654264151 2.83065087154 -2.41538354274
74.67467467467468 -1.28372191936 -4.05825972601 2.15799732612 -4.36475885226
74.87487487487488 -1.87507018924 -1.89587505376 1.08723051407 -6.25233255238
75.07507507507508 -2.08134186238 -0.288977213692 -0.296329326453 -7.42898466387
75.27527527527528 -2.04075526785 0.577138328115 -1.83518736843 -7.83055003819
75.47547547547548 -1.89623971055 0.742784091303 -3.38926306142 -7.58236110321
75.67567567567568 -1.80331476378 0.00617632956431 -4.81532706002 -6.49141336987
75.87587587587588 -1.96897434686 -1.82286683783 -5.91292429727 -4.30020795607
76.07607607607608 -2.56085865984 -4.03025961779 -6.4972305998 -1.53895755511
76.27627627627628 -3.50225815367 -5.05323721791 -6.56868049377 0.661782031236
76.47647647647648 -4.42951189658 -3.80256243003 -6.30012222937 1.8738397082
76.67667667667668 -4.88310707182 -0.48229897362 -5.86202066764 2.43071086015
76.87687687687688 -4.59146527155 3.29525808167 -5.34356354632 2.73353638509
77.07707707707708 -3.65703473268 5.73146625952 -4.76488114693 3.07238743135
77.27727727727728 -2.41704164172 6.39908075198 -4.09830416398 3.63303804096
77.47747747747748 -1.17157258443 5.91530405934 -3.29116314409 4.47318854206
77.67767767767768 -0.0788783267017 4.96750458885 -2.29556267285 5.48346046749
77.87787787787788 0.815767905045 3.98671508455 -1.099983748 6.4290010123
78.07807807807808 1.52796094372 3.15787798194 0.260116171584 7.10227863927
78.27827827827828 2.0909299498 2.48832364365 1.71986771957 7.41988991565
78.47847847847848 2.53179780588 1.93452406893 3.20645276899 7.36711407003
78.67867867867868 2.87559333724 1.53633108606 4.64101324155 6.88123303843
78.87887887887888 3.16734025226 1.44171655719 5.92256240349 5.8097831338
79.07907907907908 3.47816672398 1.71137668317 6.92072055057 4.05274043971
79.27927927927928 3.8551510121 2.0054806274 7.51294643896 1.82308637758
79.47947947947948 4.23753355502 1.65776246192 7.65292813814 -0.378598406112
79.67967967967968 4.45154024517 0.330394563612 7.38887950282 -2.18117079431
79.87987987987988 4.33264441084 -1.53994031303 6.8086140642 -3.55386954679
80.08008008008008 3.85410175776 -3.13763214848 5.98573293993 -4.62785803295
80.28028028028028 3.12723766499 -3.99345776886 4.96856295207 -5.50487869451
80.48048048048048 2.2994129733 -4.19359040649 3.79315684114 -6.20679425937
80.68068068068068 1.46921122158 -4.07510592553 2.4966761385 -6.70935979871
80.88088088088088 0.669399616184 -3.92675742422 1.12162578777 -6.98934067889
81.08108108108108 -0.111446959674 -3.90024338973 -0.286562793617 -7.04029461215
81.28128128128128 -0.902950518135 -4.03055034077 -1.68205050453 -6.86260753737
81.48148148148148 -1.73116627021 -4.24425580607 -3.01934226806 -6.46059529955
81.68168168168168 -2.59390048715 -4.32576834794 -4.25529075077 -5.85581840949
81.88188188188188 -3.43042681649 -3.91614949816 -5.35316943591 -5.08795091186
82.08208208208208 -4.10675911766 -2.69477447032 -6.28309187032 -4.17628476019
82.28228228228228 -4.46107983788 -0.773581735579 -7.01221060763 -3.06422437786
82.48248248248248 -4.41870133551 1.10926328886 -7.48690712397 -1.60554961091
82.68268268268268 -4.07799878643 2.10336773145 -7.62233623831 0.334730235279
82.88288288288288 -3.64881259481 2.04419183258 -7.32808104192 2.63152066982
83.08308308308308 -3.28877034262 1.54766664315 -6.57784581658 4.79136350858
83.28328328328328 -3.01141783312 1.29646357424 -5.45178760995 6.33528233891
83.48348348348348 -2.73952563456 1.48502946595 -4.08877162551 7.17495462204
83.68368368368368 -2.39729551345 1.96757735114 -2.61500341442 7.47193640723
83.88388388388388 -1.9415782141 2.60700852193 -1.12425143893 7.35659166541
84.08408408408408 -1.34370924875 3.39391232786 0.305053800631 6.85866115439
84.28428428428428 -0.570572639451 4.35790320683 1.5981235201 6.00818286669
84.48448448448448 0.408130359581 5.41872673654 2.6969805056 4.95604686349
84.68468468468468 1.58707877498 6.29135786456 3.58650231862 3.96153112559
84.88488488488488 2.87958118966 6.44146247208 4.30124480574 3.23121583038
85.08508508508508 4.0679468327 5.12711950032 4.9005103091 2.79897212701
85.28528528528528 4.80653424376 1.97940011555 5.43414671254 2.54580904854
85.48548548548548 4.80453010932 -1.96558181098 5.91664464855 2.24160123833
85.68568568568568 4.10274381268 -4.70144462747 6.30669697567 1.55842378668
85.88588588588588 3.08248691109 -5.08429187063 6.48632703244 0.0660071384371
86.08608608608608 2.20588451806 -3.42459008343 6.26439046112 -2.41766562529
86.28628628628628 1.75500238576 -1.1129064596 5.50182209358 -5.13235262848
86.48648648648648 1.70618145999 0.434038993677 4.26984317953 -6.98116197543
86.68668668668668 1.8537977589 0.878496963446 2.77963833925 -7.75378451366
86.88688688688688 2.00407056012 0.504799046979 1.21433185963 -7.77724912926
87.08708708708708 2.00768060805 -0.599081508215 -0.289105470941 -7.1122487499
87.28728728728728 1.71081242668 -2.48545325002 -1.57605282709 -5.60425223735
87.48748748748748 0.984743765244 -4.76936410347 -2.49343924954 -3.52627663476
87.68768768768768 -0.17105034789 -6.65119369243 -3.00473557553 -1.68713880014
87.88788788788789 -1.61591765086 -7.60496808456 -3.22244275566 -0.625076896
88.08808808808809 -3.13104274139 -7.26472367267 -3.30301814432 -0.279765236092
88.28828828828829 -4.38903089084 -4.9058365181 -3.36886477413 -0.453831276469
88.48848848848849 -4.94797348338 -0.428614576396 -3.50873145398 -0.976074337613
88.68868868868869 -4.55061352097 4.19047140961 -3.75628498577 -1.44874075217
88.88888888888889 -3.41162104321 6.77486580757 -4.05961170482 -1.49220038545
89.08908908908909 -1.99175337492 7.07323005277 -4.30980466364 -0.866398669178
89.28928928928929 -0.697854165498 5.59355926629 -4.33520127134 0.814454605972
89.48948948948949 0.167862809736 2.94592231076 -3.91478222579 3.48160802438
89.68968968968969 0.487350801113 0.374831542971 -2.95015890349 6.02099251452
89.88988988988989 0.39343409772 -1.11079010219 -1.58003064382 7.46596742669
90.09009009009009 0.111879099988 -1.56291273651 -0.0287421889741 7.8965001814
90.29029029029029 -0.18251658725 -1.24681382914 1.53356708978 7.58367636584
90.49049049049049 -0.322088714663 0.0491968538991 2.94383995183 6.31032776384
90.69069069069069 -0.0835051315783 2.49084170717 3.98078443559 3.88880228615
90.89089089089089 0.695732828093 5.21951806877 4.47764957343 1.13727624027
91.09109109109109 1.93427629479 6.89891148197 4.49794847969 -0.733031963454
91.29129129129129 3.33907338473 6.7974081258 4.25921442944 -1.49933140684
91.49149149149149 4.5027918673 4.41505097186 3.94452976443 -1.55255195254
91.69169169169169 4.96078242034 -0.0741296355 3.66735673906 -1.16444502496
91.89189189189189 4.46921662685 -4.6189353475 3.48465173802 -0.684171145022
92.09209209209209 3.25227887687 -7.14152621676 3.37250826464 -0.506401413277
92.29229229229229 1.74856832098 -7.60538217198 3.24943113723 -0.817302604928
92.49249249249249 0.293498811589 -6.75511352179 3.00029570562 -1.80021193634
92.69269269269269 -0.895517845885 -4.99967368397 2.47774665919 -3.52420889653
92.89289289289289 -1.67855968904 -2.81126472688 1.57001089676 -5.52246846268
93.09309309309309 -2.04210586859 -0.922708645005 0.300517669017 -7.03146119348
93.29329329329329 -2.09652900201 0.256025729317 -1.19073280057 -7.73868851289
93.49349349349349 -1.98584524572 0.736655814109 -2.75331608842 -7.76786559532
93.69369369369369 -1.85260264966 0.441376940365 -4.25438026687 -7.08487669896
93.89389389389389 -1.88120917307 -0.917502543235 -5.52024358111 -5.36900012729
94.09409409409409 -2.27865526449 -3.10996526415 -6.33956339171 -2.72568422727
94.29429429429429 -3.09420764701 -4.81549371893 -6.61771285313 -0.166069852775
94.49449449449449 -4.07515970369 -4.58762700258 -6.4707013653 1.46439542162
94.69469469469469 -4.7723041265 -2.03142909308 -6.08776633545 2.25796555606
94.89489489489489 -4.80185072749 1.78575253472 -5.59379637506 2.63957330208
95.09509509509509 -4.10578738932 4.91327381134 -5.03575407189 2.94491326899
95.29529529529529 -2.95595413092 6.27553172125 -4.40414445337 3.40392797448
95.49549549549549 -1.69083564355 6.18346040966 -3.6546137423 4.13063190708
95.69569569569569 -0.527536278195 5.37184374222 -2.73456458885 5.08630401257
95.89589589589589 0.448911448098 4.38430045492 -1.61569943851 6.07590444515
96.09609609609609 1.23529302261 3.49961141164 -0.315314419002 6.86659487484
96.29629629629629 1.86166015332 2.78345446116 1.11131345312 7.32593414879
96.49649649649649 2.35806487192 2.19261780073 2.59395391398 7.42488375979
96.69669669669669 2.7469494617 1.71677770625 4.05834582344 7.13234478039
96.89689689689689 3.06018193176 1.46344724078 5.41586448579 6.33005300416
97.09709709709709 3.35729393757 1.56618251435 6.54838778217 4.86761429693
97.29729729729729 3.70313151493 1.88905604699 7.32339050286 2.79792343949
97.49749749749749 4.09083799459 1.86885378872 7.65501048503 0.526160726515
97.69769769769769 4.39003126186 0.95406529296 7.55295391711 -1.47489792303
97.89789789789789 4.41846976774 -0.751513932026 7.09476963001 -3.03102577723
98.09809809809809 4.08505962868 -2.52132851795 6.36341049562 -4.22690910566
98.29829829829829 3.45036582482 -3.69123013013 5.41795305563 -5.18565904141
98.49849849849849 2.65654123222 -4.13402370726 4.29916728349 -5.96088770172
98.69869869869869 1.82569536323 -4.1192557676 3.04403979425 -6.54345447616
98.89889889889889 1.0158245103 -3.97053711806 1.6937096936 -6.90869181024
99.09909909909909 0.230753391464 -3.89456852784 0.293051811384 -7.04569749809
99.29929929929929 -0.554039219173 -3.97231891158 -1.11213882572 -6.95414400312
99.49949949949949 -1.36863483012 -4.17884084961 -2.47626302282 -6.63628761921
99.69969969969969 -2.22602627365 -4.3612731997 -3.75510309766 -6.1064375164
99.89989989989989 -3.09266088118 -4.20706153026 -4.90958789065 -5.40148731048
100.10010010010011 -3.86197166276 -3.33328058258 -5.9087231567 -4.55766604514
100.30030030030031 -4.36970931599 -1.61990716894 -6.7240861241 -3.55461213476
100.50050050050051 -4.48726434757 0.425521873541 -7.31377129936 -2.27608089797
100.70070070070071 -4.2400939129 1.87503666347 -7.60545782174 -0.552689299978
100.90090090090091 -3.81385729763 2.19957665584 -7.50279583943 1.63946801816
101.10110110110111 -3.4117446698 1.75510851347 -6.94112688627 3.94097312864
101.30130130130131 -3.10951183689 1.3192858635 -5.95594252182 5.78862291213
101.50150150150151 -2.85316663696 1.31985775824 -4.67258767082 6.9126422653
101.70170170170171 -2.55521458924 1.70422582303 -3.22990354335 7.41190489585
101.90190190190191 -2.15729686487 2.295717711 -1.73500554922 7.45502439738
102.10210210210211 -1.62669695549 3.03028923119 -0.270816889798 7.10779953056
102.30230230230231 -0.932384232811 3.93661564399 1.08554044782 6.38273565215
102.50250250250251 -0.0400735980057 4.99258750474 2.26558150509 5.3746849456
102.70270270270271 1.0640205672 6.00159378576 3.23418381551 4.31687520795
102.90290290290291 2.33200910605 6.53744127223 4.0079925557 3.462261418
103.10310310310311 3.60486465397 5.9199721775 4.64165908683 2.91900642197
103.30330330330331 4.57955998374 3.49716107555 5.19348849485 2.62252563285
103.50350350350351 4.90521701656 -0.362064843737 5.69587631562 2.38501909719
103.70370370370371 4.4604429403 -3.84138426285 6.1334756962 1.91980716694
103.90390390390391 3.50858609176 -5.25562810529 6.42335155768 0.833695247071
104.10410410410411 2.515012201 -4.33066569193 6.39881981775 -1.25364390713
104.30430430430431 1.86524798585 -2.0726185987 5.87328982231 -4.02427665702
104.50450450450451 1.66576211425 -0.0730466866673 4.81961963302 -6.336475905
104.70470470470471 1.76008484668 0.827812316856 3.41273954563 -7.53679781573
104.90490490490491 1.93388159772 0.778163378348 1.86110832306 -7.84614801131
105.10510510510511 2.02380349255 -0.00175693779611 0.314531896001 -7.48955246619
105.30530530530531 1.88008530244 -1.57061319328 -1.0843571329 -6.33773507823
105.50550550550551 1.34998379623 -3.78824546152 -2.16929183269 -4.40678308699
105.70570570570571 0.36728945857 -5.94668625888 -2.84019402191 -2.35105216611
105.90590590590591 -0.978547344769 -7.33631296209 -3.15498282183 -0.933630510344
106.10610610610611 -2.49645510638 -7.61028196224 -3.26807327639 -0.313773588658
106.30630630630631 -3.91399277632 -6.19890174899 -3.31999553747 -0.28921204078
106.50650650650651 -4.82131487043 -2.49743464794 -3.41358593947 -0.704592818067
106.70670670670671 -4.82935302185 2.40518102022 -3.61263742122 -1.26878394299
106.90690690690691 -3.95048354335 5.99546884115 -3.90080000786 -1.53286731111
107.10710710710711 -2.59123240801 7.20532925394 -4.18945736895 -1.23883022454
107.30730730730731 -1.19716468586 6.43313201553 -4.33821053679 -0.0630081133083
107.50750750750751 -0.115534888758 4.178933202 -4.13588207667 2.25485865027
107.70770770770771 0.439554314255 1.39768153806 -3.40389021304 5.01858688404
107.90790790790791 0.498274906449 -0.61279217284 -2.18243234345 6.98455818229
108.10810810810811 0.272937886379 -1.46941668536 -0.685267752952 7.80686352386
108.30830830830831 -0.0350173509571 -1.48554839964 0.890050138726 7.81329521277
108.50850850850851 -0.267209763737 -0.666415697981 2.39007517169 7.00757117975
108.70870870870871 -0.223017185295 1.30904689673 3.61774399849 5.0551105393
108.90890890890891 0.313320204405 4.08659994439 4.35624991186 2.27764525999
109.10910910910911 1.37788991422 6.3519533838 4.55952216509 -0.0778047195064
109.30930930930931 2.75244581952 7.07553736408 4.4042472817 -1.28722656957
109.50950950950951 4.07230935682 5.71842027242 4.1032609447 -1.60780486101
109.70970970970971 4.87977389652 1.98783991077 3.79641265517 -1.38554603418
109.90990990990991 4.78971028638 -2.86072720347 3.56689591094 -0.896903934391
110.11011011011011 3.82923151573 -6.35962346875 3.42639829927 -0.562960289833
110.31031031031031 2.39769176847 -7.60333800853 3.3130636982 -0.651242196274
110.51051051051051 0.891201523079 -7.24100663727 3.1269442433 -1.32270389572
110.71071071071071 -0.43284252219 -5.83898397347 2.73246675073 -2.74465084484
110.91091091091091 -1.40083524152 -3.76441888832 1.99046427385 -4.70687757192
111.11111111111111 -1.93933314088 -1.676734205 0.860348085159 -6.48849164561
111.31131131131131 -2.11328993528 -0.183813327039 -0.556475539338 -7.52864484833
111.51151151151151 -2.06101127426 0.593021364986 -2.10454106845 -7.82819566378
111.71171171171171 -1.92186103738 0.668249056147 -3.64860687926 -7.47945939748
111.91191191191191 -1.85637269516 -0.198821044138 -5.04015691917 -6.24233063127
112.11211211211211 -2.07467992654 -2.12389690312 -6.07331570998 -3.92059835409
112.31231231231232 -2.72089547984 -4.23081999749 -6.58041543219 -1.17634675305
112.51251251251252 -3.67387328066 -4.94377659656 -6.59169985112 0.894489323769
112.71271271271272 -4.54236365266 -3.3351752822 -6.2880499031 2.00270187637
112.91291291291292 -4.88020100529 0.155814945497 -5.82905022627 2.52013164707
113.11311311311312 -4.47157011985 3.77679142459 -5.29248116686 2.83173762964
113.31331331331332 -3.47189380164 5.89962212433 -4.69049716286 3.21058536097
113.51351351351352 -2.22413745176 6.33122850633 -3.9911876095 3.82141796896
113.71371371371372 -1.0044553916 5.74575781261 -3.14258646791 4.69318224566
113.91391391391392 0.052648162547 4.79378949 -2.10346928008 5.6895767084
114.11411411411412 0.916690010532 3.85929849854 -0.871915771883 6.57674807961
114.31431431431432 1.60899690884 3.08528983658 0.510223397257 7.17423685367
114.51451451451452 2.16171109897 2.4553422084 1.97708256594 7.42018184254
114.71471471471472 2.59866828333 1.92724730654 3.45687494764 7.29820992998
114.91491491491492 2.94349126352 1.55473910491 4.86978537125 6.73073674738
115.11511511511512 3.24160710469 1.48467081595 6.11163867099 5.56277095194
115.31531531531532 3.56057429801 1.7379975034 7.05172081531 3.7268699577
115.51551551551552 3.93407114825 1.92887010554 7.57584520555 1.48074162727
115.71571571571572 4.28555159136 1.42569120568 7.65076690711 -0.680495755356
115.91591591591592 4.44199596934 0.0081141434398 7.33143251671 -2.43356690076
116.11611611611612 4.26135135886 -1.81157735961 6.70415175403 -3.77416560005
116.31631631631632 3.74197490432 -3.26800493835 5.83934562413 -4.82679336499
116.51651651651652 3.00258920582 -3.99760079279 4.78481595741 -5.67722347717
116.71671671671672 2.18085272021 -4.14069942479 3.57870106274 -6.33892017945
116.91691691691692 1.36168134497 -4.02542366952 2.26074809069 -6.79059693342
117.11711711711712 0.56866229787 -3.91166613471 0.87485418029 -7.01636559913
117.31731731731732 -0.213574099686 -3.9295955472 -0.533364040062 -7.01376983764
117.51751751751752 -1.0151157175 -4.09925559492 -1.9183075071 -6.78423151112
117.71771771771772 -1.85908795216 -4.32612732331 -3.23511384457 -6.33581921488
117.91791791791792 -2.73488596909 -4.36156058955 -4.44247160668 -5.69776689409
118.11811811811812 -3.56694356713 -3.82188480171 -5.50680670805 -4.91337702162
118.31831831831832 -4.20649308445 -2.42124092877 -6.40089873473 -3.99265452407
118.51851851851852 -4.49272800663 -0.390378622381 -7.09144580744 -2.85842008969
118.71871871871872 -4.37712138851 1.42637768529 -7.52013154707 -1.34586139625
118.91891891891892 -3.99187521613 2.2210319084 -7.59606663805 0.669065503782
119.11911911911912 -3.55833268472 1.98693724533 -7.23012626909 3.00037792392
119.31931931931932 -3.2166973618 1.44287659221 -6.41014047277 5.10468944472
119.51951951951952 -2.95665939603 1.23630173559 -5.23212051059 6.53785107448
119.71971971971972 -2.6907545766 1.4835233732 -3.83938668705 7.27331243607
119.91991991991992 -2.34415412711 2.01096544126 -2.35436935189 7.48867443458
120.12012012012012 -1.87548988094 2.69433423507 -0.867795984173 7.29751952488
120.32032032032032 -1.25482916081 3.53579791876 0.54164519472 6.71897636099
120.52052052052052 -0.447836762938 4.55105560537 1.79939677487 5.7997746128
120.72072072072072 0.571706371609 5.62347855266 2.85314988684 4.72338398819
120.92092092092092 1.78638766317 6.42652223224 3.69839530227 3.7597285321
121.12112112112112 3.08896985726 6.3831910942 4.37857564318 3.0894793429
121.32132132132132 4.2350308676 4.74854490217 4.95530161114 2.7125705982
121.52152152152152 4.86682544513 1.32350120654 5.47502654196 2.48701248591
121.72172172172172 4.73066188821 -2.58647506235 5.94486214951 2.16513831207
121.92192192192192 3.93500602933 -4.98781419038 6.31283229468 1.40210760114
122.12212212212212 2.89730396049 -4.98288514054 6.44717597286 -0.237481839013
122.32232232232232 2.06830276979 -3.08967726286 6.15120902688 -2.83241964057
122.52252252252252 1.68645774533 -0.796763573595 5.30901959099 -5.48229909134
122.72272272272272 1.68611776042 0.596736972878 4.02361718035 -7.16245695308
122.92292292292292 1.85237231165 0.910750867923 2.51149232483 -7.80135036919
123.12312312312312 1.99906148585 0.436671765583 0.946747530593 -7.72370674926
123.32332332332332 1.97722691389 -0.790734339854 -0.533605925538 -6.92755932611
123.52352352352352 1.62892949045 -2.79888384914 -1.76850478524 -5.27510680307
123.72372372372372 0.836120445313 -5.09870581212 -2.6130140982 -3.15224243131
123.92392392392392 -0.376351527752 -6.87352880487 -3.05672721268 -1.40185008915
124.12412412412412 -1.84975899708 -7.65854865805 -3.23003281685 -0.464239288731
124.32432432432432 -3.35156230015 -7.0553142738 -3.28852986318 -0.215435512855
124.52452452452452 -4.53069740267 -4.32150805721 -3.34966825949 -0.468877409409
124.72472472472472 -4.94547063027 0.36491669173 -3.49781531714 -1.03253495102
124.92492492492492 -4.40424203762 4.77286866403 -3.75459660445 -1.47419765199
125.12512512512512 -3.1869329428 6.97801010431 -4.05638568159 -1.44652048907
125.32532532532532 -1.75783968822 6.97897974161 -4.28671543874 -0.702825286355
125.52552552552552 -0.505587930835 5.28570467296 -4.26322311345 1.13833024152
125.72572572572572 0.287599285062 2.5615368634 -3.7686542103 3.86799443925
125.92592592592592 0.538734928365 0.0997540895706 -2.73616515473 6.29000772046
126.12612612612612 0.406085318817 -1.228079794 -1.32889615875 7.57412905795
126.32632632632632 0.112629349181 -1.57147174196 0.232402547703 7.89548582263
126.52652652652652 -0.173276343098 -1.14629475744 1.78429064107 7.47332328176
126.72672672672672 -0.277200081366 0.311169338022 3.15678638978 6.03638313558
126.92692692692692 0.0279497373197 2.87091302247 4.12420744223 3.49034225184
127.12712712712712 0.879486923375 5.52753117531 4.54387903761 0.796076706965
127.32732732732732 2.15907112805 6.98495834762 4.5118192717 -0.913245814479
127.52752752752752 3.55162996219 6.57324332174 4.25010426634 -1.55970933118
127.72772772772772 4.63294572631 3.81841584833 3.93096471717 -1.54199101243
127.92792792792793 4.94761380031 -0.845521647364 3.65990489612 -1.12372910947
128.12812812812814 4.31906677474 -5.16028544181 3.48275880666 -0.679264083219
128.32832832832833 3.0308666435 -7.32141682709 3.36477202726 -0.572281323488
128.52852852852854 1.51778335445 -7.54127546876 3.21996715777 -0.972904588129
128.72872872872873 0.0916197105788 -6.54005448952 2.92862351784 -2.06709268804
128.92892892892894 -1.04410753872 -4.69608565422 2.34412645554 -3.86074376317
129.12912912912913 -1.76624293405 -2.52618008821 1.37191876233 -5.80899714465
129.32932932932934 -2.08236343378 -0.740527897486 0.0576891781939 -7.18752186113
129.52952952952953 -2.11108906444 0.334733705788 -1.4524761276 -7.77790155362
129.72972972972974 -1.9935467239 0.725027961712 -3.01345770023 -7.71187130769
129.92992992992993 -1.87426847168 0.304742144497 -4.491206589 -6.89826870773
130.13013013013014 -1.94541005727 -1.1998183512 -5.70310929419 -5.01932784697
130.33033033033033 -2.40438265642 -3.40485922419 -6.44323478945 -2.31333146058
130.53053053053054 -3.25977920897 -4.88169715809 -6.64710857707 0.143736294126
130.73073073073073 -4.2180753515 -4.28821762514 -6.45242144159 1.63748208504
130.93093093093094 -4.82311105692 -1.44469913377 -6.04351520181 2.35553538851
131.13113113113113 -4.73014641714 2.36541261724 -5.5326425353 2.71881334856
131.33133133133134 -3.94252885329 5.22485931235 -4.95712107344 3.04550421445
131.53153153153153 -2.75978938754 6.30846228445 -4.30127277313 3.54731478002
131.73173173173174 -1.50577820133 6.06155374543 -3.51870380545 4.314494064
131.93193193193193 -0.372692387027 5.20670669228 -2.56016997382 5.27977806811
132.13213213213214 0.572202419121 4.24130972529 -1.40533327373 6.23502229261
132.33233233233233 1.33433240395 3.40088062605 -0.0791115556972 6.96313353392
132.53253253253254 1.94481571749 2.72078547039 1.36010421398 7.35577596342
132.73273273273273 2.4309592696 2.15096639509 2.84236802485 7.39127779553
132.93293293293294 2.81330090516 1.69428539022 4.29315448361 7.02732630068
133.13313313313313 3.12487139751 1.47101351699 5.6208235373 6.13347479044
133.33333333333334 3.42626489372 1.59605520831 6.70398860298 4.5734613906
133.53353353353353 3.77552704373 1.87852710008 7.41338656139 2.4477764247
133.73373373373374 4.14970693816 1.73376576269 7.67529525995 0.190626409574
133.93393393393393 4.40784671923 0.688359306412 7.51124603494 -1.75649583011
134.13413413413414 4.37807975173 -1.04472115973 7.00192079666 -3.26301494059
134.33433433433433 3.99368899459 -2.72282140741 6.22774256809 -4.42462770284
134.53453453453454 3.33168190584 -3.76484555061 5.24562590087 -5.3538149612
134.73473473473473 2.53266103878 -4.12279412505 4.09661877038 -6.09310050451
134.93493493493494 1.70736591431 -4.08398588509 2.81935412375 -6.6312924408
135.13513513513513 0.903347209386 -3.95198356927 1.45623115615 -6.94851257345
135.33533533533534 0.118701400327 -3.91028062711 0.0523703817962 -7.03813548017
135.53553553553553 -0.672878767559 -4.02331646114 -1.34670320271 -6.90092583371
135.73573573573574 -1.50000351171 -4.2481851543 -2.69585337942 -6.54083291243
135.93593593593593 -2.36963669537 -4.4039036275 -3.95203255545 -5.97751227719
136.13613613613614 -3.23606258486 -4.14872993147 -5.07846148297 -5.25229264931
136.33633633633633 -3.97772214652 -3.10963406025 -6.04646735668 -4.39603516102
136.53653653653654 -4.42527447662 -1.25829571468 -6.82762741852 -3.37119408244
136.73673673673673 -4.46862166717 0.773619446273 -7.37608570692 -2.04161329216
136.93693693693695 -4.1675630241 2.04652160595 -7.61298263056 -0.23704142574
137.13713713713713 -3.72816880747 2.17034028898 -7.43986914021 2.017925762
137.33733733733735 -3.34263108025 1.64372457271 -6.80318380635 4.29451120583
137.53753753753753 -3.06002571304 1.24811153436 -5.75705870868 6.03593524752
137.73773773773775 -2.81042011697 1.32263999074 -4.43622809286 7.04297431678
137.93793793793793 -2.5061031034 1.76085414122 -2.97691177954 7.4522628946
138.13813813813815 -2.09296081056 2.39037495855 -1.48134641817 7.42232610102
138.33833833833833 -1.53942293149 3.16616706378 -0.0309858793771 7.00186215519
138.53853853853855 -0.813380398215 4.11667627532 1.29705768351 6.20859219979
138.73873873873873 0.117776938098 5.193711447 2.43788815877 5.16508227203
138.93893893893895 1.25951228712 6.16315521928 3.36537090928 4.12425802052
139.13913913913913 2.54775827355 6.55749710216 4.1057083497 3.32388024085
139.33933933933935 3.79921117733 5.66470420201 4.71762457955 2.83812528006
139.53953953953953 4.68933646865 2.91874628251 5.2573171411 2.57681554409
139.73973973973975 4.88307665087 -1.04220205669 5.7508075336 2.3337185781
139.93993993993993 4.32238383216 -4.27050453088 6.17301372356 1.80631436898
140.14014014014015 3.32500002904 -5.27750405552 6.42773071264 0.583359757058
140.34034034034033 2.36252927938 -4.02835370152 6.33614234952 -1.66433925465
140.54054054054055 1.78578511221 -1.69276467842 5.72334183563 -4.44970755217
140.74074074074073 1.6502919473 0.165693507797 4.59871572983 -6.60368828855
140.94094094094095 1.77477138648 0.89796514419 3.15606581386 -7.6364179595
141.14114114114113 1.95004574405 0.728160412508 1.59634345964 -7.83302613318
141.34134134134135 2.01834026432 -0.172432167295 0.0634962661185 -7.35922386875
141.54154154154153 1.82648649857 -1.87864026368 -1.29443145991 -6.05762110547
141.74174174174175 1.22620680968 -4.15910589485 -2.31201992223 -4.03494862187
141.94194194194193 0.175038876063 -6.23911183429 -2.91161849295 -2.03381245091
142.14214214214215 -1.21423841021 -7.4703983641 -3.17602942221 -0.750209600293
142.34234234234233 -2.73846677073 -7.5226160844 -3.26444362033 -0.244124471931
142.54254254254255 -4.10539521866 -5.75955168423 -3.31124057412 -0.305047603684
142.74274274274273 -4.88757098517 -1.72136456359 -3.41483963418 -0.781029378996
142.94294294294295 -4.73673354796 3.1371011683 -3.62952377429 -1.3347784287
143.14314314314313 -3.74623586002 6.35704411819 -3.92460570082 -1.53063346559
143.34334334334335 -2.35186510514 7.21205460345 -4.20317909373 -1.13124542069
143.54354354354354 -0.984143682185 6.17478064232 -4.31430786534 0.214343042761
143.74374374374375 0.0266746999718 3.75590612758 -4.0400464025 2.67501676829
143.94394394394394 0.497481641935 1.01555889549 -3.22530229484 5.38916175258
144.14414414414415 0.496853145525 -0.817657951979 -1.94717872373 7.17519806649
144.34434434434434 0.246332323625 -1.52709287993 -0.427559264739 7.85185435881
144.54454454454455 -0.0621016214033 -1.43140260413 1.14593540028 7.7488149005
144.74474474474474 -0.268789546915 -0.45422788741 2.61856051843 6.78645020417
144.94494494494495 -0.163319954706 1.69921889951 3.78302577594 4.65375515984
145.14514514514514 0.456955171708 4.4956829229 4.43463961838 1.84888666554
145.34534534534535 1.5870676788 6.57255993808 4.56604396721 -0.349906048469
145.54554554554554 2.97801450914 7.00564282542 4.37378936814 -1.39526379761
145.74574574574575 4.24762202162 5.2744702879 4.06193933033 -1.61654627617
145.94594594594594 4.93076862561 1.22846943739 3.76016121062 -1.33265598076
146.14614614614615 4.68744610345 -3.55726170314 3.54263713245 -0.842506977786
146.34634634634634 3.6218301397 -6.69710308401 3.40797088201 -0.564731730391
146.54654654654655 2.15602014702 -7.6321907541 3.28673372926 -0.732005576221
146.74674674674674 0.663828475999 -7.08322945424 3.07417634817 -1.51103984279
146.94694694694695 -0.614946913991 -5.55314188564 2.63048586974 -3.04115886426
147.14714714714714 -1.51921905601 -3.43272586045 1.82517921421 -5.02106550323
147.34734734734735 -1.9964358319 -1.41149060366 0.640703228243 -6.70350087916
147.54754754754754 -2.1283526597 -0.0291052671278 -0.806065702625 -7.6159359079
147.74774774774775 -2.05515865687 0.648731613165 -2.36120720843 -7.81489472599
147.94794794794794 -1.91583527199 0.606424237197 -3.89200994126 -7.3523772085
148.14814814814815 -1.87888189642 -0.427012435215 -5.24193367607 -5.94657384292
148.34834834834834 -2.15663591957 -2.46372506501 -6.20028372006 -3.48934566225
148.54854854854855 -2.86359829866 -4.45294021831 -6.62182486727 -0.784536362074
148.74874874874874 -3.8301012909 -4.83407097282 -6.5695173271 1.13407477733
148.94894894894895 -4.63917056713 -2.86603943361 -6.23081882486 2.12504227486
149.14914914914914 -4.86287317967 0.773961942535 -5.75339153717 2.59142850999
149.34934934934935 -4.3428451394 4.22774812131 -5.20348784616 2.90035462465
149.54954954954954 -3.28233588526 6.05806056674 -4.58524800577 3.30812333603
149.74974974974975 -2.02591244214 6.28077664067 -3.86233016223 3.9597620319
149.94994994994994 -0.826916249357 5.60685408581 -2.98286291803 4.85860384129
150.15015015015015 0.200589585555 4.64646664002 -1.9108239142 5.84632411297
150.35035035035034 1.03761503156 3.73942101328 -0.651776584286 6.69039347647
150.55055055055055 1.70900117273 2.99445673501 0.747431040946 7.23041309125
150.75075075075074 2.24532814926 2.38031656211 2.21974963638 7.41872537234
150.95095095095095 2.6682787059 1.86317672148 3.69323327443 7.23472209897
151.15115115115114 3.00249328949 1.51666839844 5.08571068018 6.585780319
151.35135135135135 3.29728462388 1.49043244681 6.2883824819 5.31423939691
151.55155155155154 3.62023130454 1.76186122085 7.16896655109 3.38816213713
151.75175175175175 3.99340458019 1.88544974025 7.62152077665 1.11794630814
151.95195195195194 4.32308049781 1.24757943477 7.62742312868 -0.999351528529
152.15215215215215 4.43268942407 -0.265752752365 7.2507572766 -2.68789622679
152.35235235235234 4.19727217572 -2.06497719769 6.57807914333 -3.9761964316
152.55255255255256 3.63689885673 -3.41747684123 5.67685691126 -4.98998705372
152.75275275275274 2.87844175568 -4.0447624419 4.59319708521 -5.80480243037
152.95295295295296 2.05349054988 -4.1347292624 3.3653617662 -6.42767855058
153.15315315315314 1.2367707144 -4.01307016859 2.03376041964 -6.83806284271
153.35335335335336 0.444508396369 -3.91916749747 0.64245501802 -7.02325945429
153.55355355355354 -0.34200362339 -3.96478538965 -0.763247356056 -6.98207754339
153.75375375375376 -1.15276792044 -4.15300665361 -2.1381749554 -6.71642150617
153.95395395395394 -2.00687400303 -4.36568013655 -3.43820012234 -6.23726119208
154.15415415415416 -2.88422918763 -4.32539847494 -4.62349802098 -5.57754930418
154.35435435435434 -3.69555162676 -3.64208041802 -5.66220969205 -4.77785911864
154.55455455455456 -4.28326805544 -2.09185976524 -6.52719832628 -3.83464081895
154.75475475475474 -4.4973524886 -0.0276336281587 -7.18180773676 -2.65162489949
154.95495495495496 -4.3207251474 1.64793463531 -7.56121860965 -1.05556145149
155.15515515515514 -3.91283185039 2.22835863822 -7.5699361932 1.0446884557
155.35535535535536 -3.49251372848 1.87279372158 -7.12588661009 3.38709896521
155.55555555555554 -3.17320732111 1.35391451295 -6.23624245159 5.4004822304
155.75575575575576 -2.92220840248 1.23672937496 -5.01186796374 6.70590704439
155.95595595595594 -2.64852273847 1.55473383791 -3.59639314243 7.33833095083
156.15615615615616 -2.2833667814 2.1214576491 -2.10616329066 7.47871737877
156.35635635635634 -1.7896433682 2.83429603018 -0.628277929552 7.22084881132
156.55655655655656 -1.13776649306 3.7077770359 0.75930025767 6.57875341626
156.75675675675674 -0.293810185842 4.74424771305 1.98425402149 5.61845281471
156.95695695695696 0.763351780469 5.79625108711 3.00132223732 4.54662641586
157.15715715715714 2.00435133619 6.49994459131 3.81532439989 3.62915870113
157.35735735735736 3.30184414942 6.23627181961 4.47520929105 3.01644170826
157.55755755755754 4.38684101245 4.27926619177 5.04182843615 2.68010812255
157.75775775775776 4.89880665769 0.639691645743 5.55625473504 2.45910570832
157.95795795795794 4.63269451016 -3.13944285936 6.01675704262 2.08990908591
158.15815815815816 3.76310474103 -5.15243383476 6.3591909609 1.20844731516
158.35835835835834 2.73345416035 -4.75602630064 6.43689184539 -0.613065144943
158.55855855855856 1.9735335425 -2.6736499846 6.05259142424 -3.30820283109
158.75875875875874 1.66994874724 -0.46885261365 5.12314254435 -5.84697288246
158.95895895895896 1.71535846431 0.725897863864 3.7845554579 -7.33189851529
159.15915915915915 1.89100256829 0.885337517986 2.25361456454 -7.83080544777
159.35935935935936 2.02011768638 0.285677052758 0.693888653273 -7.64220857657
159.55955955955955 1.95395638393 -1.08471883947 -0.756475826896 -6.70376369704
159.75975975975976 1.53469721778 -3.19703358866 -1.93256537374 -4.92468049269
159.95995995995995 0.663227269107 -5.46031460103 -2.70485802453 -2.80864466383
160.16016016016016 -0.607744675002 -7.08592219694 -3.09171315902 -1.18804126346
160.36036036036037 -2.10489893151 -7.67375844463 -3.23638083509 -0.385563679078
160.56056056056056 -3.58179685199 -6.76632957332 -3.28922407062 -0.23263388378
160.76076076076077 -4.66300159401 -3.63672338632 -3.36154872461 -0.558902822762
160.96096096096096 -4.91855363676 1.19505508105 -3.53070799006 -1.13809693537
161.16116116116117 -4.2349001695 5.31213704283 -3.8033716837 -1.51838800315
161.36136136136136 -2.95102979916 7.11349821374 -4.10479220357 -1.39264478469
161.56156156156158 -1.52775850661 6.79897715651 -4.30969499804 -0.489083323334
161.76176176176176 -0.337094743721 4.8671905843 -4.2229731937 1.55000017305
161.96196196196198 0.362235167999 2.08418597624 -3.63710801226 4.32807001353
162.16216216216216 0.531411119318 -0.217959299319 -2.52655174604 6.58740367101
162.36236236236238 0.355332353555 -1.35351292843 -1.07965929769 7.68252308799
162.56256256256256 0.0506452517747 -1.56455152267 0.489961974991 7.87657325354
162.76276276276278 -0.220161710149 -0.991627883269 2.02482931604 7.31127791157
162.96296296296296 -0.272707767906 0.673594448283 3.34475620978 5.66871302065
163.16316316316318 0.120331342089 3.35214586043 4.22297438431 3.00006659035
163.36336336336336 1.05963149685 5.88453868539 4.55186276399 0.414167624846
163.56356356356358 2.38443566609 7.06570587971 4.46388558869 -1.09314425717
163.76376376376376 3.75898997045 6.29795876616 4.18134971781 -1.60051506636
163.96396396396398 4.7448149081 3.15081488814 3.86335506044 -1.49497178144
164.16416416416416 4.90540358779 -1.64395696952 3.60706656215 -1.03451831042
164.36436436436438 4.14031186012 -5.67687387434 3.44579890497 -0.620176431069
164.56456456456456 2.78692441418 -7.47153022183 3.33315762243 -0.581583354546
164.76476476476478 1.26955615165 -7.45466786719 3.17748460028 -1.07822244131
164.96496496496496 -0.122743027828 -6.29547431874 2.85274842514 -2.29658138569
165.16516516516518 -1.19780204367 -4.34833492442 2.21262663914 -4.17053592671
165.36536536536536 -1.84904878086 -2.18665721972 1.18063333249 -6.0752056819
165.56556556556558 -2.10637336985 -0.500495117169 -0.17495636757 -7.33031767928
165.76576576576576 -2.09832463818 0.463883482774 -1.70190903243 -7.80783366965
165.96596596596598 -1.96594697493 0.73945806062 -3.25885535636 -7.63805868344
166.16616616616616 -1.85933173114 0.153311510734 -4.70746616208 -6.66939318466
166.36636636636638 -1.97981412201 -1.5307983137 -5.85458567722 -4.60783443881
166.56656656656656 -2.5102452895 -3.74334166565 -6.50405008308 -1.85421150224
166.76676676676678 -3.41138972232 -4.96270956141 -6.62749670203 0.468884466973
166.96696696696696 -4.3478022243 -3.98522183645 -6.38431156261 1.80540724242
167.16716716716718 -4.86025080874 -0.860995767587 -5.95191075313 2.4338512137
167.36736736736736 -4.64720243253 2.92551488544 -5.4292969716 2.76590750201
167.56756756756758 -3.7717138909 5.52412943182 -4.84392790159 3.10225690894
167.76776776776777 -2.55615011177 6.35329469985 -4.17360631754 3.63754720926
167.96796796796798 -1.30898622252 5.96772830261 -3.36919023457 4.4408479441
168.16816816816817 -0.200296141487 5.06868239528 -2.3834097128 5.42026334582
168.36836836836838 0.717014309172 4.10863370734 -1.20188875712 6.35576433183
168.56856856856857 1.45443702305 3.28650618639 0.144405587309 7.0405438274
168.76876876876878 2.04322067321 2.61637466621 1.59410469021 7.38276068966
168.96896896896897 2.50873070233 2.04936411435 3.07649415265 7.36432069784
169.16916916916918 2.8719139627 1.60885149937 4.51532227568 6.93074933003
169.36936936936937 3.17068571749 1.43405905529 5.81427065573 5.93819626088
169.56956956956958 3.47100704048 1.6192702051 6.84697018914 4.26634303793
169.76976976976977 3.82660371793 1.90232071187 7.48686536259 2.07324219895
169.96996996996998 4.19684516835 1.65576575665 7.6741294864 -0.167164049308
170.17017017017017 4.42524288634 0.473709591415 7.44505742209 -2.04431685203
170.37037037037038 4.3447544997 -1.31715919218 6.88554169928 -3.479032884
170.57057057057057 3.9097050003 -2.94138151472 6.07381267984 -4.58672020632
170.77077077077078 3.21404446526 -3.88158963835 5.06344693072 -5.47534618518
170.97097097097097 2.40026678237 -4.16069901149 3.89373333339 -6.178690402
171.17117117117118 1.57141978706 -4.08878275093 2.60286365597 -6.6817273353
171.37137137137137 0.766724035872 -3.95810139552 1.23305950894 -6.96516644962
171.57157157157158 -0.0207415065815 -3.93348226137 -0.170942268504 -7.02327070477
171.77177177177177 -0.818690009458 -4.06192558369 -1.56406634093 -6.85674047937
171.97197197197198 -1.65342788798 -4.2798103715 -2.9016845805 -6.4705454076
172.17217217217217 -2.52484824257 -4.37989586655 -4.14162530035 -5.88659010437
172.37237237237238 -3.37547937504 -4.00494928035 -5.24817827512 -5.14476330159
172.57257257257257 -4.07326674168 -2.81753957073 -6.192601756 -4.26558527859
172.77277277277278 -4.4529043913 -0.895195375117 -6.94353828977 -3.1943340483
172.97297297297297 -4.43036386515 1.03973926985 -7.4489385558 -1.78232964408
173.17317317317318 -4.09665588946 2.10006546714 -7.62373170526 0.122645311132
173.37337337337337 -3.66487884163 2.06277493518 -7.37220024167 2.42567266397
173.57357357357358 -3.30388606022 1.53198363829 -6.65838671353 4.63908505551
173.77377377377377 -3.03453719297 1.23448016126 -5.55607698669 6.24893713053
173.97397397397398 -2.77764232002 1.40246287987 -4.20514760113 7.13682167104
174.17417417417417 -2.45172608771 1.89007806102 -2.73581027316 7.46362250386
174.37437437437438 -2.01020607095 2.54257647903 -1.24446542128 7.37024371773
174.57457457457457 -1.4243192678 3.33727556631 0.189579486809 6.89197632071
174.77477477477478 -0.662329198635 4.30268522425 1.49092646374 6.05618337571
174.97497497497497 0.305664978993 5.3689870789 2.59995201975 5.00732195088
175.17517517517518 1.47693038611 6.27018603468 3.49896817227 4.00340299726
175.37537537537537 2.77187772982 6.49710911495 4.22064759958 3.25875022265
175.57557557557558 3.98401184039 5.31563029805 4.82437224264 2.81766099044
175.77577577577577 4.77347545292 2.28533416089 5.36197477232 2.56977665125
175.97597597597598 4.83337156315 -1.68264518262 5.8515605499 2.292653631
176.17617617617617 4.17304479122 -4.58575318247 6.25698615007 1.66702401868
176.37637637637638 3.15572744662 -5.16567487113 6.46712799919 0.265781544043
176.57657657657657 2.24909803706 -3.62145525819 6.29317610511 -2.15101435715
176.77677677677679 1.75947806215 -1.28008649456 5.58179199794 -4.90681237183
176.97697697697697 1.68789110566 0.376788680343 4.38444382353 -6.86234952961
177.17717717717719 1.83380986604 0.912104357608 2.90904267226 -7.71774404897
177.37737737737737 1.99719628685 0.599915561158 1.34529846905 -7.79624910135
177.57757757757759 2.02575142802 -0.444431448064 -0.167869261503 -7.19305681292
177.77777777777777 1.76509756662 -2.2843637528 -1.47758842161 -5.74694057715
177.977977977978 1.07928894295 -4.58026992646 -2.4256745134 -3.6777230126
178.17817817817817 -0.0449437337892 -6.5307719679 -2.96239374548 -1.78249781073
178.3783783783784 -1.47442647198 -7.57505846131 -3.1921323178 -0.652297089931
178.57857857857857 -2.99595376867 -7.37087471523 -3.27306389286 -0.2595321484
178.7787787787788 -4.29510186587 -5.21701197062 -3.33142735142 -0.401594056684
178.97897897897897 -4.93286607845 -0.873023124364 -3.4595680578 -0.918042254916
179.1791791791792 -4.618007393 3.84814794849 -3.69860722635 -1.42746996543
179.37937937937937 -3.52580873254 6.65134900807 -4.00316455215 -1.52792060324
179.5795795795796 -2.11116455024 7.13687379821 -4.26820045124 -0.986114226759
179.77977977977977 -0.788930934387 5.80605114589 -4.32922557005 0.577282784643
179.97997997998 0.127926466171 3.22191806583 -3.96410640204 3.18734821493
180.18018018018017 0.496942764581 0.574207000053 -3.05247433901 5.80456202802
180.3803803803804 0.430241332326 -1.0353282557 -1.71319186946 7.37086197023
180.58058058058057 0.154502917511 -1.57387751029 -0.172019108398 7.88418176838
180.7807807807808 -0.149455776519 -1.33502302615 1.39486310028 7.64543935087
180.98098098098097 -0.317261718575 -0.149476168955 2.82785728356 6.48075816281
181.1811811811812 -0.128607003761 2.20534682025 3.90916527854 4.14763321559
181.38138138138137 0.595334653015 4.9769050347 4.4565340474 1.35999877658
181.5815815815816 1.79907048484 6.80382461456 4.50992137079 -0.627689688005
181.78178178178177 3.203573609 6.89796690165 4.28237563238 -1.48463974178
181.981981981982 4.41118173871 4.75516522913 3.9649411095 -1.59076458391
182.18218218218217 4.95534505947 0.41077633203 3.67679359976 -1.22996389902
182.3823823823824 4.5535631022 -4.24727864188 3.48193654787 -0.732564392363
182.58258258258257 3.38777805779 -7.00091167906 3.36446637155 -0.508891080291
182.7827827827828 1.89387436765 -7.63421619258 3.24661325524 -0.759302855756
182.98298298298297 0.421265816777 -6.89628851955 3.01704720166 -1.65995026544
183.1831831831832 -0.804842806251 -5.22157554079 2.53037041061 -3.31407192343
183.38338338338338 -1.63476842551 -3.04243088839 1.66557539849 -5.31925138051
183.5835835835836 -2.03862166352 -1.08568598055 0.429625727201 -6.90573619429
183.78378378378378 -2.11690066808 0.179320334983 -1.04491649263 -7.69404686416
183.983983983984 -2.01374778706 0.738286962321 -2.60514784471 -7.78872417751
184.18418418418418 -1.87100668941 0.540184368192 -4.11834238696 -7.19167592098
184.3843843843844 -1.86809211764 -0.703905451324 -5.41691091329 -5.58866678273
184.58458458458458 -2.21698988748 -2.86330233788 -6.28736598492 -2.99713295217
184.7847847847848 -2.99403943756 -4.70478974952 -6.61444669271 -0.367028162936
184.98498498498498 -3.97659302321 -4.72236232229 -6.49662157124 1.37024623944
185.1851851851852 -4.72442771603 -2.38545456139 -6.12523641869 2.22831928672
185.38538538538538 -4.832938906 1.38886829667 -5.63447958526 2.631059242
185.5855855855856 -4.2034213569 4.66690162162 -5.07872137024 2.92621918493
185.78578578578578 -3.08321464548 6.21962779798 -4.45370497251 3.35425402629
185.985985985986 -1.81558508904 6.25105358335 -3.7179847647 4.04255175895
186.18618618618618 -0.632486034751 5.492253138 -2.81858346982 4.97187485159
186.3863863863864 0.369276665593 4.51095450715 -1.72294821924 5.96346416085
186.58658658658658 1.1794287457 3.60802218276 -0.442564250164 6.7824754983
186.7867867867868 1.82497766611 2.86636778317 0.971135956426 7.28167450316
186.98698698698698 2.33530998767 2.24820592782 2.44912113446 7.42309021984
187.1871871871872 2.73191040687 1.73581335278 3.91792879001 7.18037978492
187.38738738738738 3.04393202943 1.43010443279 5.29138847967 6.44411341646
187.5875875875876 3.32906850297 1.48439815636 6.45414126702 5.05393040167
187.78778778778778 3.6580695943 1.81721992697 7.27125215202 3.02289510135
187.987987987988 4.04018619057 1.89831959102 7.64658627111 0.728408325027
188.18818818818818 4.35923586555 1.11986688284 7.57953387389 -1.32871322211
188.3883883883884 4.42943818563 -0.51838342705 7.14570988296 -2.92975502339
188.58858858858858 4.13991462404 -2.33248857799 6.4322730665 -4.14535881661
188.7887887887888 3.53293754685 -3.6061430625 5.50259516526 -5.10820814317
188.98898898898898 2.74654004962 -4.13832042098 4.39913383752 -5.88594224768
189.1891891891892 1.90965168864 -4.16767793463 3.1582103973 -6.47793404701
189.38938938938938 1.08897290198 -4.0252666778 1.81937355847 -6.86054173498
189.5895895895896 0.294148308996 -3.93509436805 0.426128498877 -7.02056956964
189.78978978978978 -0.496597435424 -3.99066962589 -0.976702215378 -6.95640305109
189.98998998999 -1.31261895825 -4.17558302901 -2.34435701387 -6.66984173372
190.19019019019018 -2.16804153243 -4.34802545636 -3.63320095191 -6.17266871545
190.3903903903904 -3.03316000758 -4.21090112116 -4.80395282337 -5.49672944753
190.59059059059058 -3.80792606599 -3.38914063483 -5.82446424454 -4.67475395209
190.7907907907908 -4.33352896181 -1.74092253846 -6.6649734192 -3.68830214378
190.99099099099098 -4.47922130345 0.27524086058 -7.28308326378 -2.42689569224
191.1911911911912 -4.25982369179 1.75703501752 -7.60695056899 -0.723409926412
191.39139139139138 -3.85105239904 2.14329987889 -7.53992731497 1.45731215666
191.5915915915916 -3.45548347949 1.74005921467 -7.01365960429 3.77494391838
191.79179179179178 -3.15495529595 1.31343149515 -6.05773790456 5.66503777778
191.991991991992 -2.89992243541 1.31265526155 -4.79435133178 6.83573266289
192.19219219219218 -2.60329074298 1.69871181251 -3.36313953921 7.37263384664
192.3923923923924 -2.20640454893 2.28960111322 -1.87285734566 7.44808362906
192.59259259259258 -1.67808366955 3.01101143278 -0.406575813847 7.13674520087
192.7927927927928 -0.990180241199 3.89021183162 0.959657124825 6.45272982028
192.99299299299298 -0.110089977407 4.91866812401 2.15743965233 5.47942045331
193.1931931931932 0.978185591161 5.92352132637 3.14874627883 4.43454223454
193.39339339339338 2.2340086758 6.50429733795 3.94534198081 3.56910596405
193.5935935935936 3.51051098355 6.00165864746 4.59828664064 3.00426475877
193.79379379379378 4.51747591427 3.73778415859 5.16520159047 2.6894530935
193.993993993994 4.90214889461 -0.037593083578 5.68022104797 2.44730371825
194.19419419419418 4.51681233343 -3.59771319182 6.13157149577 1.99913536003
194.3943943943944 3.59680758388 -5.18594623182 6.44143857094 0.95919478616
194.59459459459458 2.60092561033 -4.41168291794 6.44823639093 -1.0684297167
194.7947947947948 1.92787701945 -2.20445881822 5.96196343162 -3.83115802379
194.99499499499498 1.70546590702 -0.160475454028 4.94129219245 -6.20754452628
195.1951951951952 1.78862109925 0.800581092617 3.55259860065 -7.48043122724
195.39539539539538 1.96100435378 0.78819284783 2.00707103222 -7.83866151588
195.5955955955956 2.05617549531 0.0426725620886 0.457399711623 -7.53057995945
195.79579579579578 1.92611625915 -1.47686001149 -0.956229335687 -6.44642571364
195.995995995996 1.4191321907 -3.65723264531 -2.06934434775 -4.57319418108
196.19619619619618 0.462269457989 -5.8286964114 -2.77474114693 -2.51851149806
196.3963963963964 -0.864942687764 -7.27331191813 -3.11897806595 -1.05676367901
196.59659659659658 -2.37854584953 -7.63869629679 -3.25186799198 -0.390234807193
196.7967967967968 -3.81638571544 -6.38526429327 -3.31526111751 -0.328230615327
196.99699699699698 -4.77946614068 -2.85672779269 -3.4134131923 -0.713641757618
197.1971971971972 -4.86430519208 2.03505344442 -3.6134596862 -1.27575382806
197.39739739739738 -4.04469037376 5.78858274898 -3.90531094892 -1.5654750922
197.5975975975976 -2.70889752087 7.16960814794 -4.20424159056 -1.31209110964
197.79779779779778 -1.30920135638 6.51761193001 -4.3737766721 -0.200925813696
197.997997997998 -0.202631563186 4.33232610312 -4.20538155746 2.06193917569
198.19819819819818 0.383025155171 1.53441048899 -3.51123605683 4.84842869546
198.3983983983984 0.461964246196 -0.550159105175 -2.31619386476 6.8931460467
198.59859859859858 0.242589831381 -1.46739744801 -0.830425886405 7.77915171409
198.7987987987988 -0.0691254353411 -1.52462034543 0.743765348638 7.82925939234
198.99899899899899 -0.314177342513 -0.759849291836 2.25233408729 7.08123500642
199.1991991991992 -0.295326338304 1.15222930517 3.50187531639 5.19740126082
199.39939939939939 0.207413737008 3.9224224055 4.27176204703 2.43464169008
199.5995995995996 1.24559084853 6.26379865622 4.50138554884 0.0210270760841
199.79979979979979 2.61477839565 7.11882523124 4.35907695232 -1.25235345193
200.0 3.96147715946 5.95261467082 4.06107941276 -1.60873100094
