Estación:       YECORA,  SON
Operada por:    SMN EMAS
Longitud:       108°56'00"  Latitud: 28°22'00"  Altitud: 1531

DD/MM/AAAA HH:MM      DIRS      DIRR      VELS      VELR      TEMP        HR        PB      PREC    RADSOL
25/01/2018 22:00       201       220     11.57     24.60      18.7        12     846.9       0.0     504.2
25/01/2018 23:00       172       196     11.09     20.00      18.4        10     847.1       0.0     298.7
26/01/2018 00:00       221       191      7.25     16.60      15.9        12     847.4       0.0      63.8
26/01/2018 01:00       184       184      6.20     10.80      10.6        22     847.9       0.0       0.0
26/01/2018 02:00       168       187      2.42     10.20       6.7        32     848.2       0.0       0.0
26/01/2018 03:00         0       134      0.00      0.00       3.2        41     848.4       0.0       0.0
26/01/2018 04:00       143       156      1.44      6.80       1.1        48     848.7       0.0       0.0
26/01/2018 05:00       201       205      0.38      5.10      -0.8        52     849.1       0.0       0.0
26/01/2018 06:00       134       184      0.83      3.90      -2.0        57     849.2       0.0       0.0
26/01/2018 07:00       128       172      0.83      4.50      -3.0        60     849.0       0.0       0.0
26/01/2018 08:00       155       137      0.91      4.50      -4.1        63     848.8       0.0       0.0
26/01/2018 09:00         0       180      0.00      0.00      -5.1        66     848.7       0.0       0.0
26/01/2018 10:00         0       180      0.00      0.00      -5.9        69     848.6       0.0       0.0
26/01/2018 11:00         0       180      0.00      0.00      -6.7        71     848.3       0.0       0.0
26/01/2018 12:00         0       180      0.00      0.00      -7.2        74     848.3       0.0       0.0
26/01/2018 13:00         0       180      0.00      0.00      -7.8        74     848.7       0.0       0.0
26/01/2018 14:00         0       180      0.00      0.00      -7.9        76     849.0       0.0      12.8
26/01/2018 15:00         0        59      0.00      2.20      -4.3        70     849.4       0.0     283.2
26/01/2018 16:00        11       322      0.27      3.30       2.9        52     849.7       0.0     483.8
26/01/2018 17:00       185       180      9.11     28.10      12.4        24     849.7       0.0     643.8
26/01/2018 18:00       168       175     16.12     27.50      16.5        11     849.6       0.0     735.8
26/01/2018 19:00       160       177     16.62     28.10      17.8        12     848.8       0.0     774.3
26/01/2018 20:00       164       155     13.80     24.10      18.8        11     847.9       0.0     752.8
26/01/2018 21:00       260       253     12.51     24.10      19.3        12     847.3       0.0     658.0
26/01/2018 22:00       298       301     12.05     21.80      18.6        13     847.1       0.0     509.3
26/01/2018 23:00       296       304      9.95     18.90      18.2        14     847.2       0.0     301.0
27/01/2018 00:00       254       247      3.21     12.50      16.3        16     847.4       0.0      66.2
27/01/2018 01:00         0       234      0.00      0.00      11.0        24     847.7       0.0       0.0
27/01/2018 02:00       185       201      0.80      7.40       6.2        36     848.1       0.0       0.0
27/01/2018 03:00       160       186      0.67      8.50       3.6        42     848.3       0.0       0.0
27/01/2018 04:00         0       170      0.00      0.00       0.9        50     848.4       0.0       0.0
27/01/2018 05:00         0       170      0.00      0.00      -0.8        54     848.6       0.0       0.0
27/01/2018 06:00         0       170      0.00      0.00      -1.9        58     848.7       0.0       0.0
27/01/2018 07:00         0       170      0.00      0.00      -2.8        62     848.4       0.0       0.0
27/01/2018 08:00         0       170      0.00      0.00      -3.7        64     848.4       0.0       0.0
27/01/2018 09:00         0       170      0.00      0.00      -4.6        66     848.3       0.0       0.0
27/01/2018 10:00         0       170      0.00      0.00      -5.2        69     848.1       0.0       0.0
27/01/2018 11:00         0       170      0.00      0.00      -5.8        71     847.8       0.0       0.0
27/01/2018 12:00       147       132      0.27      2.20      -6.4        72     848.1       0.0       0.0
27/01/2018 13:00         4        19      2.50      7.90      -7.0        75     848.3       0.0       0.0
27/01/2018 14:00       190       200      0.87      8.50      -6.8        75     848.7       0.0      12.3
27/01/2018 15:00         0        21      0.00      5.10      -3.4        68     849.1       0.0     252.7
27/01/2018 16:00         0        21      0.00      0.00       4.0        48     849.2       0.0     467.8
27/01/2018 17:00        15       332      3.26     12.00      11.7        26     848.7       0.0     638.3
27/01/2018 18:00       352        15      2.39     11.40      18.7        16     848.5       0.0     722.0
27/01/2018 19:00       198       211     11.03     19.50      21.7         7     847.6       0.0     773.3
27/01/2018 20:00       238       182      1.59     17.70      22.7         6     846.9       0.0     751.0
27/01/2018 21:00       297       284     11.21     19.50      22.7        10     846.5       0.0     657.3
27/01/2018 22:00       293       282     14.19     21.80      21.6        11     846.5       0.0     510.0
27/01/2018 23:00       294       312     13.10     20.00      20.8        12     846.6       0.0     302.5
28/01/2018 00:00       292       288      8.13     15.40      18.6        13     846.8       0.0      69.7
28/01/2018 01:00       266       287      1.63     10.80      13.0        21     847.3       0.0       0.0
28/01/2018 02:00       176       166      2.43      8.50       8.4        30     847.7       0.0       0.0
28/01/2018 03:00       164       176      2.87      9.10       4.8        40     848.1       0.0       0.0
28/01/2018 04:00         0       181      0.00      0.00       2.7        45     848.2       0.0       0.0
28/01/2018 05:00         0       181      0.00      0.00       0.6        51     848.7       0.0       0.0
28/01/2018 06:00         0       181      0.00      0.00      -0.6        56     848.7       0.0       0.0
28/01/2018 07:00         0       181      0.00      0.00      -1.5        60     848.5       0.0       0.0
28/01/2018 08:00         0       181      0.00      0.00      -2.5        62     848.5       0.0       0.0
28/01/2018 09:00         0       181      0.00      0.00      -3.1        64     848.4       0.0       0.0
28/01/2018 10:00         0       181      0.00      0.00      -3.7        68     848.2       0.0       0.0
28/01/2018 11:00         0       181      0.00      0.00      -4.3        68     848.1       0.0       0.0
28/01/2018 12:00         0       181      0.00      0.00      -4.8        71     848.3       0.0       0.0
28/01/2018 13:00         0       181      0.00      0.00      -5.3        73     848.7       0.0       0.0
28/01/2018 14:00         0       181      0.00      0.00      -5.5        74     849.3       0.0      12.8
28/01/2018 15:00         0       181      0.00      0.00      -1.4        66     849.6       0.0     242.2
28/01/2018 16:00        22       266      1.51      3.90       5.8        46     849.8       0.0     455.7
28/01/2018 17:00         0       323      0.00      0.00      13.6        27     849.6       0.0     625.2
28/01/2018 18:00        49        83      6.03     10.80      19.6        18     849.0       0.0     713.5
28/01/2018 19:00       307       239      2.68     14.30      22.6        15     848.1       0.0     748.5
28/01/2018 20:00       181       172      7.97     18.30      24.4        10     847.2       0.0     738.8
28/01/2018 21:00       159       215      8.93     21.20      24.5         8     846.7       0.0     653.2
28/01/2018 22:00       167       181      8.08     16.00      24.4         7     846.7       0.0     508.0
28/01/2018 23:00       261       254      5.31     17.20      24.5         9     846.8       0.0     300.7
29/01/2018 00:00       275       300      8.14     15.40      21.3        13     847.1       0.0      68.8
29/01/2018 01:00       274       266      1.38     10.80      15.5        21     847.7       0.0       0.0
29/01/2018 02:00       174       191      4.54      7.90      10.8        31     848.3       0.0       0.0
29/01/2018 03:00       180       148      1.80      7.40       7.3        40     848.7       0.0       0.0  
29/01/2018 04:00       103       147      0.43      3.90       5.2        46     849.3       0.0       0.0
29/01/2018 05:00       122       126      1.47      5.10       3.4        51     849.5       0.0       0.0
29/01/2018 06:00        24        52      0.47      5.60       2.1        56     849.9       0.0       0.0
29/01/2018 07:00       125        52      1.27      5.60       1.0        60     850.0       0.0       0.0
29/01/2018 08:00         0       133      0.00      0.00       0.1        64     850.2       0.0       0.0     
29/01/2018 09:00         0       133      0.00      0.00      -0.5        66     850.3       0.0       0.0
29/01/2018 10:00         0       133      0.00      0.00      -1.2        69     850.4       0.0       0.0
29/01/2018 11:00         0       133      0.00      0.00      -1.8        72     850.5       0.0       0.0
29/01/2018 12:00         0       133      0.00      0.00      -2.4        74     851.0       0.0       0.0
29/01/2018 13:00         0       133      0.00      0.00      -2.8        75     851.6       0.0       0.0
29/01/2018 14:00         0       133      0.00      0.00      -3.1        77     852.3       0.0      13.3
29/01/2018 15:00       150       168      0.99      5.10       0.5        69     852.8       0.0     230.8  
29/01/2018 16:00        10       153      1.31      5.10       8.5        52     853.1       0.0     452.7
29/01/2018 17:00        94        78      9.47     20.60      16.6        32     852.9       0.0     620.3
29/01/2018 18:00       105        98     12.10     22.90      19.9        24     852.4       0.0     710.8
29/01/2018 19:00        96        88     11.08     22.30      21.2        20     851.4       0.0     752.8
29/01/2018 20:00       100       118     10.24     21.80      22.7        15     850.4       0.0     738.8  
29/01/2018 21:00        65       111      5.67     19.50      23.5        12     849.6       0.0     653.0
29/01/2018 22:00        76       216      6.52     24.10      23.7        12     849.2       0.0     506.7  
29/01/2018 23:00        36        29     10.04     25.20      23.0        12     848.9       0.0     301.0
30/01/2018 00:00        41        43      7.44     16.00      21.5        15     848.9       0.0      71.7
30/01/2018 01:00       174       139      2.83      6.80      15.8        26     849.2       0.0       0.0
30/01/2018 02:00       270       283      1.48     13.70      12.2        33     849.8       0.0       0.0
30/01/2018 03:00       188       197      5.40     12.50      11.6        33     850.2       0.0       0.0
30/01/2018 04:00       180       190      8.05     17.70      13.1        27     850.6       0.0       0.0
30/01/2018 05:00       164       147      7.59     14.30       9.9        34     850.8       0.0       0.0
30/01/2018 06:00       161       200      6.66     16.00       9.6        33     850.8       0.0       0.0
30/01/2018 07:00       169       171      8.62     15.40       7.3        40     850.6       0.0       0.0
30/01/2018 08:00       186       186      3.42      9.10       4.3        49     850.6       0.0       0.0
30/01/2018 09:00       169       174      0.84      5.60       2.0        57     850.1       0.0       0.0
30/01/2018 10:00         0        31      0.00      3.90       0.5        64     849.8       0.0       0.0
30/01/2018 11:00         0        31      0.00      0.00      -0.3        67     849.7       0.0       0.0
30/01/2018 12:00         0        31      0.00      0.00      -1.4        71     849.9       0.0       0.0
30/01/2018 13:00         0        31      0.00      0.00      -2.2        74     850.2       0.0       0.0
30/01/2018 14:00         0        31      0.00      0.00      -2.9        76     850.5       0.0      13.5
30/01/2018 15:00       183       246      0.79      5.10       0.6        68     850.7       0.0     263.7
30/01/2018 16:00        45       163      1.50      5.60       8.3        48     850.7       0.0     473.3
30/01/2018 17:00        64       138      2.96     10.20      15.8        28     850.4       0.0     630.0
30/01/2018 18:00       189       212      7.59     18.30      20.7        20     849.5       0.0     724.8
30/01/2018 19:00       205       177     10.86     24.60      21.8        18     848.5       0.0     767.5
30/01/2018 20:00       207       216     12.23     25.20      22.5        17     847.4       0.0     753.3
30/01/2018 21:00       213       234     10.00     21.20      22.8        16     846.8       0.0     642.0
30/01/2018 22:00       169       184      4.33     15.40      23.0        14     846.4       0.0     498.7
30/01/2018 23:00       296       301     12.37     19.50      23.0        14     846.1       0.0     306.0
31/01/2018 00:00       284       303      9.58     18.90      20.8        15     846.2       0.0      81.0
31/01/2018 01:00       171       142      4.22      8.50      15.4        26     846.9       0.0       0.0
31/01/2018 02:00       172       174      1.67     10.20      11.5        35     847.5       0.0       0.0
31/01/2018 03:00       156       184      1.07      9.10       8.8        41     847.8       0.0       0.0
31/01/2018 04:00       172       181      1.02      5.10       7.0        46     848.0       0.0       0.0
31/01/2018 05:00         0       182      0.00      0.00       5.5        52     848.2       0.0       0.0
31/01/2018 06:00         0       182      0.00      0.00       4.1        56     848.3       0.0       0.0
31/01/2018 07:00         0       182      0.00      0.00       2.9        60     848.3       0.0       0.0
31/01/2018 08:00         0       182      0.00      0.00       2.1        62     848.1       0.0       0.0
31/01/2018 09:00         0       182      0.00      0.00       1.5        65     847.8       0.0       0.0
31/01/2018 10:00         0       182      0.00      0.00       1.0        67     847.3       0.0       0.0
31/01/2018 11:00         0       182      0.00      0.00       0.3        69     846.9       0.0       0.0
31/01/2018 12:00         0       182      0.00      0.00      -0.4        72     846.9       0.0       0.0
31/01/2018 13:00         0       182      0.00      0.00      -0.7        74     847.5       0.0       0.0
31/01/2018 14:00         0       182      0.00      0.00      -0.8        75     847.8       0.0      28.0
31/01/2018 15:00         0       182      0.00      0.00       2.7        68     848.1       0.0     213.3
31/01/2018 16:00         0       182      0.00      0.00      11.0        46     848.3       0.0     451.5
31/01/2018 17:00       351       351      2.04      7.90      17.6        28     848.2       0.0     608.3
31/01/2018 18:00       328       311      7.79     21.20      21.9        18     847.6       0.0     692.5
31/01/2018 19:00       310       301     15.20     27.50      22.5        17     846.9       0.0     729.0
31/01/2018 20:00       285       253     16.08     28.10      22.7        17     846.1       0.0     718.8
31/01/2018 21:00       306       298     16.27     26.40      22.1        17     845.6       0.0     608.3
31/01/2018 22:00       301       309     15.01     26.90      21.8        16     845.6       0.0     481.8
31/01/2018 23:00       297       272     12.86     21.20      21.3        15     845.8       0.0     267.8

